Iteration	k_max	k_mean	C_mean	C_mean_no1or2	d_mean
0	5	1.39718309859	0.00281690140845	1.0	2.11442825865
1	6	1.39718309859	0.00281690140845	1.0	1.9208819593
2	6	1.39718309859	0.00140845070423	0.25	1.69883103932
3	5	1.39718309859	0.0037558685446	0.666666666667	1.54370104342
4	6	1.39718309859	0.000281690140845	0.1	1.70738321799
5	5	1.39718309859	0.0	nan	1.65548999096
6	6	1.39718309859	0.0	nan	1.55074662207
7	6	1.39718309859	0.00093896713615	0.333333333333	1.42511628476
8	5	1.39718309859	0.0056338028169	1.0	1.8692855733
9	7	1.39718309859	0.0	nan	1.75216209044
10	6	1.39718309859	0.0	nan	1.91521968213
11	5	1.39718309859	0.00281690140845	1.0	2.25644415544
12	6	1.39718309859	0.00281690140845	1.0	1.5705756689
13	6	1.39718309859	0.00892018779343	0.791666666667	1.89434831717
14	7	1.39718309859	0.00201207243461	0.238095238095	1.86793767321
15	5	1.39718309859	0.00281690140845	1.0	1.73301231741
16	5	1.39718309859	0.0	nan	1.68501907004
17	5	1.39718309859	0.0	nan	1.66427896932
18	6	1.39718309859	0.0056338028169	1.0	1.88164959021
19	6	1.39718309859	0.00281690140845	1.0	1.62304372737
20	6	1.39718309859	0.00328638497653	0.583333333333	1.50252839957
21	5	1.39718309859	0.00093896713615	0.333333333333	1.73091669468
22	5	1.39718309859	0.00140845070423	0.25	1.81875021997
23	7	1.39718309859	0.00140845070423	0.25	1.68649535702
24	5	1.39718309859	0.0030985915493	0.55	1.89222488341
25	6	1.39718309859	0.0	nan	1.74621622884
26	5	1.39718309859	0.0	nan	1.62860931744
27	6	1.39718309859	0.00018779342723	0.0666666666667	1.73884519849
28	6	1.39718309859	0.000281690140845	0.1	1.63529709333
29	6	1.39718309859	0.0037558685446	0.666666666667	1.63470732238
30	6	1.39718309859	0.00140845070423	0.166666666667	1.47414271007
31	8	1.39718309859	0.00093896713615	0.333333333333	1.51538518945
32	7	1.39718309859	0.00281690140845	1.0	1.55355979899
33	7	1.39718309859	0.000134138162307	0.047619047619	1.56823887571
34	8	1.39718309859	0.000570087189805	0.10119047619	2.06128935146
35	6	1.39718309859	0.00140845070423	0.25	1.63675914835
36	5	1.39718309859	0.0	nan	1.83829600092
37	6	1.39718309859	0.00281690140845	1.0	1.72419166438
38	6	1.39718309859	0.0	nan	1.55763887101
39	6	1.39718309859	0.0037558685446	0.666666666667	1.77101153848
40	5	1.39718309859	0.00244131455399	0.216666666667	1.87627026928
41	5	1.39718309859	0.0	nan	1.60719720776
42	5	1.39718309859	0.0056338028169	1.0	1.88823093708
43	5	1.39718309859	0.001220657277	0.216666666667	1.73907401682
44	6	1.39718309859	0.0	nan	1.68216336424
45	6	1.39718309859	0.0	nan	1.81694828469
46	7	1.39718309859	0.00394366197183	0.35	1.98459654501
47	7	1.39718309859	0.000469483568075	0.166666666667	1.52133218209
48	5	1.39718309859	0.0	nan	1.75467863478
49	6	1.39718309859	0.000469483568075	0.166666666667	1.664951896
50	6	1.39718309859	0.0	nan	1.61233149127
51	6	1.39718309859	0.00403755868545	0.477777777778	1.63107268759
52	6	1.39718309859	0.00422535211268	0.5	1.60377511516
53	6	1.39718309859	0.00403755868545	0.477777777778	1.74037338231
54	6	1.39718309859	0.0	nan	1.60238638748
55	6	1.39718309859	0.00845070422535	1.0	1.66504829878
56	5	1.39718309859	0.000281690140845	0.1	1.66315971127
57	6	1.39718309859	0.000469483568075	0.166666666667	1.9095579235
58	5	1.39718309859	0.0030985915493	0.55	1.58543852596
59	6	1.39718309859	0.0	nan	1.39323708207
60	5	1.39718309859	0.000281690140845	0.1	1.62452803607
61	7	1.39718309859	0.0	nan	1.5122417154
62	6	1.39718309859	0.00018779342723	0.0666666666667	1.45737889011
63	5	1.39718309859	0.0	nan	1.87426229565
64	6	1.39718309859	0.0030985915493	0.55	1.69868374654
65	5	1.39718309859	0.0056338028169	1.0	1.85014632589
66	7	1.39718309859	0.000134138162307	0.047619047619	1.88577175987
67	7	1.39718309859	0.000603621730382	0.107142857143	1.6938649727
68	6	1.39718309859	0.00093896713615	0.333333333333	1.83242366215
69	6	1.39718309859	0.0	nan	1.68176954163
70	6	1.39718309859	0.00300469483568	0.533333333333	1.95630153623
71	7	1.39718309859	0.00328638497653	0.583333333333	1.5925276654
72	5	1.39718309859	0.000469483568075	0.166666666667	1.94250344836
73	6	1.39718309859	0.00281690140845	1.0	1.77378676362
74	6	1.39718309859	0.00018779342723	0.0666666666667	1.87820327463
75	6	1.39718309859	0.00638497652582	0.566666666667	1.57080154194
76	6	1.39718309859	0.0	nan	1.71965601785
77	6	1.39718309859	0.0	nan	1.53071678741
78	5	1.39718309859	0.00056338028169	0.1	1.94049371131
79	8	1.39718309859	0.00469483568075	0.555555555556	1.50467899475
80	6	1.39718309859	0.0	nan	1.83774282463
81	7	1.39718309859	0.00281690140845	1.0	1.58116926208
82	6	1.39718309859	0.0018779342723	0.333333333333	1.93351773511
83	8	1.39718309859	0.0049765258216	0.441666666667	1.64345677191
84	6	1.39718309859	0.00394366197183	0.466666666667	1.61724927964
85	7	1.39718309859	0.0037558685446	0.666666666667	1.65850222615
86	5	1.39718309859	0.0	nan	1.65278133185
87	5	1.39718309859	0.0	nan	1.52203911031
88	6	1.39718309859	0.0	nan	1.78290814502
89	6	1.39718309859	0.00328638497653	0.583333333333	1.70658315488
90	7	1.39718309859	0.00670690811536	0.595238095238	2.16270195436
91	5	1.39718309859	0.0037558685446	0.666666666667	1.75794510999
92	5	1.39718309859	0.000469483568075	0.166666666667	2.06705101684
93	6	1.39718309859	0.0	nan	1.60272668153
94	5	1.39718309859	0.0	nan	1.7264578103
95	6	1.39718309859	0.0	nan	1.66756757459
96	6	1.39718309859	0.00328638497653	0.583333333333	1.67580968515
97	6	1.39718309859	0.000469483568075	0.166666666667	1.65688949748
98	6	1.39718309859	0.0	nan	1.71809244197
99	5	1.39718309859	0.00610328638498	0.722222222222	2.0764740631
100	6	1.39718309859	0.00169014084507	0.15	1.71246183051
101	7	1.39718309859	0.0	nan	1.46028916369
102	5	1.39718309859	0.000469483568075	0.166666666667	1.72885265272
103	6	1.39718309859	0.001220657277	0.216666666667	1.5356731443
104	5	1.39718309859	0.00093896713615	0.333333333333	1.7737325991
105	7	1.39718309859	0.00403755868545	0.477777777778	1.89388784173
106	6	1.39718309859	0.00281690140845	1.0	1.55706380579
107	5	1.39718309859	0.000469483568075	0.166666666667	1.56950598719
108	6	1.39718309859	0.00422535211268	0.5	1.81257307079
109	7	1.39718309859	0.00093896713615	0.333333333333	1.64200974171
110	6	1.39718309859	0.0	nan	1.51516346929
111	7	1.39718309859	0.00093896713615	0.333333333333	1.69997286296
112	5	1.39718309859	0.00281690140845	1.0	1.75326590177
113	5	1.39718309859	0.0	nan	1.66775026321
114	7	1.39718309859	0.0037558685446	0.666666666667	1.77720807889
115	6	1.39718309859	0.00422535211268	0.5	1.79679073017
116	5	1.39718309859	0.0030985915493	0.55	1.68641211446
117	5	1.39718309859	0.000281690140845	0.1	1.79227217327
118	6	1.39718309859	0.0018779342723	0.333333333333	1.82665316532
119	6	1.39718309859	0.0	nan	1.64518331018
120	5	1.39718309859	0.0	nan	2.0688042039
121	5	1.39718309859	0.0	nan	1.67590061244
122	7	1.39718309859	0.00093896713615	0.333333333333	1.79118792877
123	8	1.39718309859	0.00281690140845	1.0	1.69090827801
124	6	1.39718309859	0.00234741784038	0.277777777778	1.49786571078
125	6	1.39718309859	0.00093896713615	0.333333333333	1.76087539337
126	5	1.39718309859	0.0	nan	1.79391474358
127	5	1.39718309859	0.0	nan	1.54707169866
128	5	1.39718309859	0.000469483568075	0.166666666667	1.73481084251
129	6	1.39718309859	0.00093896713615	0.333333333333	1.63345562592
130	5	1.39718309859	0.00075117370892	0.133333333333	1.79319768096
131	5	1.39718309859	0.0018779342723	0.222222222222	1.6239297459
132	5	1.39718309859	0.0	nan	1.62401712164
133	6	1.39718309859	0.000281690140845	0.1	1.60291957533
134	6	1.39718309859	0.00234741784038	0.277777777778	1.62530800494
135	6	1.39718309859	0.0	nan	1.72789085207
136	6	1.39718309859	0.0	nan	1.72472175802
137	7	1.39718309859	0.000281690140845	0.1	1.76170587416
138	5	1.39718309859	0.0	nan	2.22292530485
139	5	1.39718309859	0.00140845070423	0.25	1.70871087429
140	6	1.39718309859	0.0	nan	1.57992417884
141	5	1.39718309859	0.00281690140845	1.0	1.55484692411
142	5	1.39718309859	0.00281690140845	1.0	1.75489417253
143	6	1.39718309859	0.0	nan	1.72114389615
144	6	1.39718309859	0.00140845070423	0.25	1.76132311995
145	5	1.39718309859	0.00328638497653	0.583333333333	1.63749313159
146	5	1.39718309859	0.0056338028169	1.0	1.68379076714
147	5	1.39718309859	0.0	nan	2.12251151017
148	6	1.39718309859	0.00140845070423	0.25	1.65296591384
149	7	1.39718309859	0.00093896713615	0.333333333333	1.53594915657
150	8	1.39718309859	0.00018779342723	0.0666666666667	1.67759673001
151	6	1.39718309859	0.0	nan	1.75151432174
152	6	1.39718309859	0.00234741784038	0.416666666667	1.6014639739
153	5	1.39718309859	0.0	nan	1.66687255819
154	6	1.39718309859	0.0	nan	1.64441451708
155	6	1.39718309859	0.000469483568075	0.166666666667	1.55219732297
156	6	1.39718309859	0.00281690140845	0.333333333333	1.75648968399
157	6	1.39718309859	0.00469483568075	0.555555555556	1.91269357816
158	6	1.39718309859	0.00093896713615	0.333333333333	1.75541406108
159	5	1.39718309859	0.0037558685446	0.666666666667	1.75106444977
160	7	1.39718309859	0.00140845070423	0.25	1.53802880964
161	5	1.39718309859	0.00281690140845	1.0	1.89265318167
162	6	1.39718309859	0.00281690140845	1.0	1.95260960995
163	6	1.39718309859	0.0	nan	1.95981343857
164	6	1.39718309859	0.0	nan	1.74953878722
165	5	1.39718309859	0.00516431924883	0.458333333333	1.78438539372
166	5	1.39718309859	0.0018779342723	0.333333333333	1.51773314204
167	6	1.39718309859	0.00281690140845	1.0	2.00068619795
168	7	1.39718309859	0.00403755868545	0.477777777778	1.64657520225
169	5	1.39718309859	0.0	nan	1.64924684132
170	6	1.39718309859	0.0	nan	1.55701604122
171	6	1.39718309859	0.0	nan	1.90814126818
172	6	1.39718309859	0.0018779342723	0.333333333333	2.14174082959
173	5	1.39718309859	0.0037558685446	0.666666666667	1.88727739829
174	6	1.39718309859	0.00093896713615	0.333333333333	1.70798146875
175	6	1.39718309859	0.0	nan	1.78458303843
176	6	1.39718309859	0.00093896713615	0.333333333333	1.64514121709
177	5	1.39718309859	0.000281690140845	0.1	1.73925215823
178	5	1.39718309859	0.00281690140845	1.0	1.60997107953
179	7	1.39718309859	0.00281690140845	1.0	1.57568108145
180	6	1.39718309859	0.001220657277	0.216666666667	1.73882369322
181	6	1.39718309859	0.0	nan	1.43041844004
182	5	1.39718309859	0.000845070422535	0.1	1.76742181073
183	8	1.39718309859	0.00281690140845	1.0	1.70068117414
184	6	1.39718309859	0.0037558685446	0.666666666667	2.00306126023
185	5	1.39718309859	0.0068544600939	0.608333333333	1.83752530786
186	7	1.39718309859	0.0	nan	1.9885361552
187	5	1.39718309859	0.0030985915493	0.55	1.64349648359
188	6	1.39718309859	0.00638497652582	0.566666666667	1.49021945958
189	6	1.39718309859	0.0	nan	1.65655261967
190	5	1.39718309859	0.0	nan	1.89979353979
191	5	1.39718309859	0.00281690140845	1.0	1.69624592719
192	6	1.39718309859	0.000469483568075	0.166666666667	1.76609322693
193	5	1.39718309859	0.00140845070423	0.25	1.70626275065
194	6	1.39718309859	0.00478873239437	0.425	1.57941445473
195	6	1.39718309859	0.00281690140845	1.0	1.80451903169
196	6	1.39718309859	0.00441314553991	0.391666666667	1.69291775704
197	7	1.39718309859	0.0	nan	1.64910057363
198	6	1.39718309859	0.00018779342723	0.0666666666667	1.71676061017
199	6	1.39718309859	0.00159624413146	0.188888888889	1.75303998753
200	7	1.39718309859	0.0	nan	1.62247531591
201	5	1.39718309859	0.00281690140845	1.0	1.62316065416
202	6	1.39718309859	0.00169014084507	0.2	1.58454491338
203	6	1.39718309859	0.0	nan	1.69499925776
204	5	1.39718309859	0.00281690140845	1.0	1.65840367202
205	5	1.39718309859	0.00281690140845	1.0	1.759002494
206	5	1.39718309859	0.0	nan	1.60125257998
207	7	1.39718309859	0.0030985915493	0.55	1.96236465914
208	7	1.39718309859	0.00093896713615	0.333333333333	1.41521385756
209	5	1.39718309859	0.00140845070423	0.25	1.7956993181
210	6	1.39718309859	0.0037558685446	0.666666666667	1.76469072284
211	5	1.39718309859	0.000469483568075	0.166666666667	1.62904195501
212	6	1.39718309859	0.00422535211268	0.5	2.04528461862
213	8	1.39718309859	0.0	nan	1.69573953506
214	6	1.39718309859	0.0037558685446	0.666666666667	1.57318047354
215	6	1.39718309859	0.00281690140845	1.0	2.08998291359
216	8	1.39718309859	0.000469483568075	0.166666666667	2.04565849337
217	6	1.39718309859	0.0	nan	1.6190559979
218	5	1.39718309859	0.00798122065728	0.566666666667	1.67455417764
219	6	1.39718309859	0.00281690140845	1.0	1.87546971339
220	5	1.39718309859	0.00516431924883	0.366666666667	1.44735754689
221	5	1.39718309859	0.00516431924883	0.458333333333	1.72750658211
222	6	1.39718309859	0.0	nan	1.68361998657
223	6	1.39718309859	0.0	nan	2.09213828191
224	6	1.39718309859	0.00582159624413	0.688888888889	1.71636590937
225	6	1.39718309859	0.00018779342723	0.0666666666667	1.66050543801
226	5	1.39718309859	0.0	nan	1.76634907798
227	6	1.39718309859	0.00206572769953	0.244444444444	2.02574136501
228	6	1.39718309859	0.0018779342723	0.222222222222	1.75193087861
229	5	1.39718309859	0.000469483568075	0.166666666667	1.6259254618
230	7	1.39718309859	0.0	nan	1.54960856303
231	5	1.39718309859	0.00093896713615	0.166666666667	1.58261939051
232	6	1.39718309859	0.00169014084507	0.2	1.67354001198
233	7	1.39718309859	0.0	nan	1.58187194979
234	6	1.39718309859	0.00140845070423	0.25	1.6360829407
235	6	1.39718309859	0.00018779342723	0.0666666666667	1.71564172737
236	6	1.39718309859	0.000469483568075	0.166666666667	1.67475809823
237	5	1.39718309859	0.00281690140845	0.25	1.48235799193
238	5	1.39718309859	0.00075117370892	0.133333333333	1.6114594218
239	8	1.39718309859	0.0	nan	1.41291837432
240	6	1.39718309859	0.00093896713615	0.333333333333	1.78515691027
241	6	1.39718309859	0.000469483568075	0.166666666667	1.90964749721
242	6	1.39718309859	0.0	nan	2.1057125048
243	5	1.39718309859	0.0056338028169	0.5	2.33086391527
244	5	1.39718309859	0.000281690140845	0.1	1.83302707553
245	5	1.39718309859	0.00657276995305	0.777777777778	1.67263401246
246	6	1.39718309859	0.00281690140845	1.0	1.73790131437
247	5	1.39718309859	0.0	nan	1.77114845353
248	6	1.39718309859	0.0030985915493	0.55	1.65216789972
249	6	1.39718309859	0.00093896713615	0.333333333333	2.01260979115
250	5	1.39718309859	0.00281690140845	1.0	1.6526674804
251	5	1.39718309859	0.00093896713615	0.333333333333	1.84950049261
252	5	1.39718309859	0.00140845070423	0.25	1.71560679329
253	6	1.39718309859	0.00356807511737	0.422222222222	1.60516244297
254	6	1.39718309859	0.00281690140845	0.25	1.86288360232
255	6	1.39718309859	0.0	nan	1.59411277815
256	5	1.39718309859	0.00093896713615	0.333333333333	1.81922002285
257	6	1.39718309859	0.0	nan	1.91907695884
258	6	1.39718309859	0.000281690140845	0.1	1.58742006989
259	6	1.39718309859	0.0	nan	1.5572957304
260	6	1.39718309859	0.0018779342723	0.333333333333	2.44389188331
261	5	1.39718309859	0.00093896713615	0.333333333333	1.69775024259
262	6	1.39718309859	0.00093896713615	0.333333333333	1.65457359247
263	7	1.39718309859	0.0	nan	1.62939809696
264	6	1.39718309859	0.000469483568075	0.0833333333333	1.60956601276
265	6	1.39718309859	0.00093896713615	0.333333333333	1.62486716954
266	6	1.39718309859	0.0037558685446	0.666666666667	1.75882569662
267	7	1.39718309859	0.00328638497653	0.583333333333	1.5386707417
268	6	1.39718309859	0.000469483568075	0.166666666667	1.39638519158
269	7	1.39718309859	0.000281690140845	0.1	2.00894300094
270	7	1.39718309859	0.0018779342723	0.222222222222	1.62006429687
271	6	1.39718309859	0.0	nan	1.7232336521
272	6	1.39718309859	0.0	nan	1.85788519292
273	5	1.39718309859	0.0	nan	1.74282598195
274	6	1.39718309859	0.00018779342723	0.0666666666667	1.73512004915
275	5	1.39718309859	0.00093896713615	0.333333333333	1.67009823584
276	6	1.39718309859	0.00093896713615	0.333333333333	1.66096616902
277	6	1.39718309859	0.00403755868545	0.358333333333	1.43940541963
278	6	1.39718309859	0.0	nan	1.62882098408
279	9	1.39718309859	0.0	nan	1.62074507356
280	5	1.39718309859	0.00281690140845	1.0	2.05035201886
281	6	1.39718309859	0.00093896713615	0.333333333333	1.98617929047
282	6	1.39718309859	0.0	nan	1.82303605905
283	6	1.39718309859	0.00610328638498	0.722222222222	1.7457465964
284	7	1.39718309859	0.0	nan	1.87062064367
285	6	1.39718309859	0.0056338028169	1.0	1.77037613642
286	5	1.39718309859	0.000281690140845	0.1	2.0141360883
287	6	1.39718309859	0.00469483568075	0.416666666667	2.01101225103
288	5	1.39718309859	0.0049765258216	0.441666666667	1.7742597468
289	5	1.39718309859	0.00093896713615	0.333333333333	1.64095872077
290	6	1.39718309859	0.000469483568075	0.166666666667	1.76082357493
291	6	1.39718309859	0.00234741784038	0.277777777778	1.52781211126
292	5	1.39718309859	0.00657276995305	0.777777777778	1.83129579328
293	6	1.39718309859	0.00262910798122	0.233333333333	1.67271108558
294	5	1.39718309859	0.0	nan	1.7623587366
295	6	1.39718309859	0.0	nan	1.96930435737
296	7	1.39718309859	0.0018779342723	0.333333333333	1.58877825525
297	6	1.39718309859	0.0	nan	1.77832528296
298	6	1.39718309859	0.000281690140845	0.1	1.47884305003
299	6	1.39718309859	0.0	nan	1.59104818142
300	6	1.39718309859	0.000281690140845	0.1	1.6381420959
301	5	1.39718309859	0.0	nan	1.58950660468
302	6	1.39718309859	0.00093896713615	0.166666666667	1.56173265615
303	5	1.39718309859	0.0	nan	1.8428106052
304	5	1.39718309859	0.00093896713615	0.166666666667	1.58719881009
305	6	1.39718309859	0.00403755868545	0.477777777778	1.56041630729
306	6	1.39718309859	0.000469483568075	0.166666666667	1.73856243557
307	6	1.39718309859	0.00112676056338	0.2	1.76690076372
308	6	1.39718309859	0.00169014084507	0.2	2.00124587928
309	6	1.39718309859	0.0018779342723	0.333333333333	1.7048285523
310	5	1.39718309859	0.00328638497653	0.583333333333	1.74454287589
311	7	1.39718309859	0.00075117370892	0.133333333333	1.61531049323
312	7	1.39718309859	0.000603621730382	0.107142857143	1.98790160383
313	7	1.39718309859	0.0	nan	1.5378651363
314	6	1.39718309859	0.00093896713615	0.333333333333	1.63434878971
315	6	1.39718309859	0.00140845070423	0.25	1.54182492898
316	7	1.39718309859	0.0	nan	1.82376585592
317	5	1.39718309859	0.00281690140845	1.0	1.73541539912
318	6	1.39718309859	0.0056338028169	1.0	1.69237954999
319	6	1.39718309859	0.0037558685446	0.666666666667	1.74685128285
320	7	1.39718309859	0.00469483568075	0.555555555556	1.69592547709
321	6	1.39718309859	0.00093896713615	0.333333333333	1.80519434892
322	5	1.39718309859	0.0	nan	1.66931068091
323	5	1.39718309859	0.0030985915493	0.55	1.71603365044
324	5	1.39718309859	0.0	nan	1.60004095246
325	5	1.39718309859	0.0	nan	1.84793705265
326	5	1.39718309859	0.00093896713615	0.333333333333	1.65552230018
327	6	1.39718309859	0.00093896713615	0.333333333333	1.75481300309
328	7	1.39718309859	0.00610328638498	0.722222222222	1.56089554725
329	5	1.39718309859	0.0	nan	1.63622147084
330	6	1.39718309859	0.0018779342723	0.333333333333	2.18372673099
331	5	1.39718309859	0.000281690140845	0.1	2.12367922699
332	6	1.39718309859	0.000281690140845	0.1	1.73508942866
333	6	1.39718309859	0.0	nan	1.83278673359
334	6	1.39718309859	0.00093896713615	0.333333333333	1.96714138231
335	6	1.39718309859	0.0	nan	1.56147868355
336	7	1.39718309859	0.00107310529846	0.190476190476	1.68866213884
337	5	1.39718309859	0.0	nan	1.61788910124
338	6	1.39718309859	0.0037558685446	0.666666666667	1.55597462401
339	6	1.39718309859	0.0	nan	1.75276259396
340	6	1.39718309859	0.00422535211268	0.5	1.81251072299
341	6	1.39718309859	0.0056338028169	1.0	1.96340558905
342	6	1.39718309859	0.0	nan	1.76004203447
343	5	1.39718309859	0.00516431924883	0.458333333333	1.76342490016
344	7	1.39718309859	0.0	nan	1.77347437221
345	6	1.39718309859	0.00093896713615	0.333333333333	1.60311557148
346	7	1.39718309859	0.00093896713615	0.333333333333	1.80321075676
347	6	1.39718309859	0.0	nan	1.5818880568
348	5	1.39718309859	0.0	nan	1.8632607497
349	6	1.39718309859	0.0	nan	1.74175229532
350	5	1.39718309859	0.000281690140845	0.1	1.73666049181
351	6	1.39718309859	0.0018779342723	0.333333333333	1.95000519827
352	5	1.39718309859	0.00093896713615	0.333333333333	1.79049621879
353	7	1.39718309859	0.00093896713615	0.333333333333	1.6369695161
354	6	1.39718309859	0.00281690140845	1.0	1.852876258
355	6	1.39718309859	0.00093896713615	0.333333333333	1.41990845119
356	6	1.39718309859	0.00281690140845	1.0	1.51159541733
357	7	1.39718309859	0.0018779342723	0.333333333333	1.58572838519
358	6	1.39718309859	0.0	nan	1.59999276238
359	7	1.39718309859	0.0	nan	1.65995246583
360	6	1.39718309859	0.00140845070423	0.25	1.45620222831
361	6	1.39718309859	0.001220657277	0.216666666667	1.75760111179
362	5	1.39718309859	0.00281690140845	1.0	2.15485971377
363	6	1.39718309859	0.00422535211268	0.375	1.62691913974
364	6	1.39718309859	0.00140845070423	0.25	1.53952981214
365	6	1.39718309859	0.00018779342723	0.0666666666667	1.62764842596
366	5	1.39718309859	0.000281690140845	0.1	1.80235188723
367	6	1.39718309859	0.0	nan	1.97328933195
368	6	1.39718309859	0.0	nan	1.60102046309
369	6	1.39718309859	0.000469483568075	0.166666666667	1.81663231377
370	7	1.39718309859	0.0018779342723	0.333333333333	1.64079503436
371	5	1.39718309859	0.0	nan	1.97012776534
372	6	1.39718309859	0.00281690140845	1.0	1.67657150442
373	5	1.39718309859	0.00234741784038	0.277777777778	1.78754020876
374	6	1.39718309859	0.0018779342723	0.333333333333	2.08354599093
375	6	1.39718309859	0.00328638497653	0.583333333333	1.55379224541
376	6	1.39718309859	0.00300469483568	0.533333333333	1.56845650381
377	5	1.39718309859	0.0	nan	1.64852454915
378	6	1.39718309859	0.0030985915493	0.22	1.57122064542
379	5	1.39718309859	0.000469483568075	0.166666666667	1.88463204606
380	6	1.39718309859	0.00150234741784	0.177777777778	1.56236499069
381	5	1.39718309859	0.00093896713615	0.333333333333	1.80393762099
382	7	1.39718309859	0.00140845070423	0.25	1.6280515031
383	6	1.39718309859	0.00018779342723	0.0666666666667	1.72561182148
384	5	1.39718309859	0.00328638497653	0.583333333333	1.92364176325
385	7	1.39718309859	0.000281690140845	0.1	2.20068421064
386	5	1.39718309859	0.00093896713615	0.333333333333	1.83431613898
387	8	1.39718309859	0.00160295103957	0.11380952381	1.60231654102
388	5	1.39718309859	0.0	nan	1.65641882484
389	6	1.39718309859	0.000469483568075	0.166666666667	1.91239462292
390	5	1.39718309859	0.00140845070423	0.25	1.51001638533
391	6	1.39718309859	0.0	nan	1.69552701169
392	6	1.39718309859	0.0	nan	1.77958245961
393	7	1.39718309859	0.00093896713615	0.333333333333	1.62020647021
394	6	1.39718309859	0.00140845070423	0.25	1.57069172874
395	6	1.39718309859	0.00215962441315	0.255555555556	2.03037074479
396	5	1.39718309859	0.0	nan	1.80072852843
397	6	1.39718309859	0.00112676056338	0.2	1.65234815781
398	6	1.39718309859	0.0030985915493	0.55	1.95044580662
399	5	1.39718309859	0.00328638497653	0.583333333333	1.58887124597
400	5	1.39718309859	0.00093896713615	0.166666666667	1.58645764436
401	5	1.39718309859	0.00281690140845	1.0	2.03343780975
402	5	1.39718309859	0.00281690140845	1.0	1.66884765951
403	6	1.39718309859	0.001220657277	0.216666666667	1.63992894807
404	6	1.39718309859	0.0	nan	1.79990713848
405	6	1.39718309859	0.00112676056338	0.133333333333	1.5511695621
406	6	1.39718309859	0.00093896713615	0.333333333333	1.51661491576
407	6	1.39718309859	0.0	nan	1.6006379695
408	5	1.39718309859	0.0	nan	1.65057354826
409	6	1.39718309859	0.0	nan	2.0250321515
410	6	1.39718309859	0.000469483568075	0.0833333333333	1.58884351999
411	7	1.39718309859	0.00281690140845	1.0	1.64801015777
412	6	1.39718309859	0.00093896713615	0.333333333333	1.77850599152
413	6	1.39718309859	0.0	nan	1.56963925531
414	6	1.39718309859	0.0030985915493	0.55	1.74035471974
415	6	1.39718309859	0.0	nan	1.85664367302
416	5	1.39718309859	0.00093896713615	0.333333333333	1.63814239899
417	7	1.39718309859	0.0	nan	1.63824139054
418	6	1.39718309859	0.00281690140845	1.0	1.89651859692
419	6	1.39718309859	0.000469483568075	0.166666666667	1.82892664697
420	6	1.39718309859	0.00169014084507	0.2	1.6584280267
421	6	1.39718309859	0.00469483568075	0.555555555556	1.59534419083
422	5	1.39718309859	0.00093896713615	0.333333333333	1.53351724366
423	6	1.39718309859	0.00291079812207	0.206666666667	1.53865049009
424	7	1.39718309859	0.00093896713615	0.333333333333	1.70199173328
425	7	1.39718309859	0.0	nan	1.71999977415
426	7	1.39718309859	0.00403755868545	0.358333333333	1.59251159995
427	6	1.39718309859	0.0	nan	1.80516447517
428	7	1.39718309859	0.00112676056338	0.2	1.66013968409
429	6	1.39718309859	0.0	nan	1.61641182363
430	6	1.39718309859	0.00093896713615	0.333333333333	1.58746283579
431	5	1.39718309859	0.00215962441315	0.255555555556	1.84810119986
432	5	1.39718309859	0.0056338028169	1.0	1.90345490926
433	5	1.39718309859	0.00169014084507	0.2	1.62610160031
434	5	1.39718309859	0.00093896713615	0.166666666667	1.52565143087
435	5	1.39718309859	0.00328638497653	0.291666666667	1.64325354892
436	7	1.39718309859	0.000469483568075	0.166666666667	1.61403993856
437	5	1.39718309859	0.0	nan	1.83707507598
438	6	1.39718309859	0.001220657277	0.216666666667	1.59162847977
439	6	1.39718309859	0.00093896713615	0.333333333333	1.62759792764
440	6	1.39718309859	0.0037558685446	0.666666666667	1.751075192
441	7	1.39718309859	0.000415828303152	0.0738095238095	1.78337068571
442	6	1.39718309859	0.000281690140845	0.1	1.82020055094
443	5	1.39718309859	0.0037558685446	0.666666666667	1.74123330118
444	5	1.39718309859	0.001220657277	0.144444444444	1.5812355399
445	5	1.39718309859	0.0	nan	1.81595060852
446	6	1.39718309859	0.0	nan	1.8379423038
447	5	1.39718309859	0.00093896713615	0.333333333333	1.94937093914
448	5	1.39718309859	0.00281690140845	1.0	1.70113480542
449	6	1.39718309859	0.00018779342723	0.0666666666667	1.65056604889
450	5	1.39718309859	0.00093896713615	0.333333333333	1.56092507696
451	7	1.39718309859	0.0	nan	1.75222117606
452	7	1.39718309859	0.0	nan	1.64653572168
453	6	1.39718309859	0.000469483568075	0.0833333333333	1.61180420886
454	7	1.39718309859	0.000134138162307	0.047619047619	1.72444765423
455	7	1.39718309859	0.00469483568075	0.555555555556	1.58279366811
456	7	1.39718309859	0.00281690140845	0.333333333333	1.64224715274
457	5	1.39718309859	0.0	nan	1.8831784535
458	5	1.39718309859	0.00075117370892	0.133333333333	1.77678630447
459	5	1.39718309859	0.0	nan	1.49432497926
460	7	1.39718309859	0.0037558685446	0.666666666667	1.8074491785
461	6	1.39718309859	0.000469483568075	0.166666666667	1.47152809637
462	5	1.39718309859	0.0	nan	1.75967855169
463	7	1.39718309859	0.0	nan	1.57081444301
464	6	1.39718309859	0.00469483568075	0.555555555556	1.6842372134
465	6	1.39718309859	0.00093896713615	0.333333333333	1.47691391966
466	7	1.39718309859	0.0037558685446	0.666666666667	1.77856217818
467	5	1.39718309859	0.00356807511737	0.422222222222	1.57770246014
468	5	1.39718309859	0.00234741784038	0.277777777778	1.68984529166
469	5	1.39718309859	0.000281690140845	0.1	1.69707054324
470	6	1.39718309859	0.00281690140845	1.0	1.67850603362
471	7	1.39718309859	0.00093896713615	0.333333333333	1.60269346826
472	5	1.39718309859	0.00140845070423	0.25	1.77610714977
473	6	1.39718309859	0.0030985915493	0.55	1.6550686126
474	5	1.39718309859	0.0018779342723	0.333333333333	1.56389539422
475	5	1.39718309859	0.0	nan	1.94323879332
476	8	1.39718309859	0.000281690140845	0.1	1.68350531392
477	5	1.39718309859	0.0	nan	2.20085811089
478	6	1.39718309859	0.00140845070423	0.25	1.87308632989
479	6	1.39718309859	0.0	nan	1.94777614345
480	6	1.39718309859	0.00328638497653	0.583333333333	1.70663680196
481	6	1.39718309859	0.0	nan	1.61291341964
482	5	1.39718309859	0.00328638497653	0.583333333333	1.51641315737
483	5	1.39718309859	0.00450704225352	0.4	1.57726407613
484	6	1.39718309859	0.0	nan	1.93329126575
485	5	1.39718309859	0.0	nan	1.73924663612
486	6	1.39718309859	0.0	nan	1.93817358397
487	6	1.39718309859	0.00140845070423	0.25	1.63104369314
488	5	1.39718309859	0.00093896713615	0.333333333333	1.777601967
489	5	1.39718309859	0.00281690140845	1.0	1.86758509426
490	6	1.39718309859	0.00093896713615	0.333333333333	1.62386594826
491	6	1.39718309859	0.00281690140845	1.0	1.57801078326
492	6	1.39718309859	0.0	nan	1.88013989674
493	5	1.39718309859	0.00093896713615	0.333333333333	2.0873248534
494	6	1.39718309859	0.0	nan	1.63105214899
495	8	1.39718309859	0.000281690140845	0.1	1.63007449357
496	6	1.39718309859	0.00281690140845	1.0	1.54683953157
497	7	1.39718309859	0.0037558685446	0.666666666667	1.57517128519
498	6	1.39718309859	0.00093896713615	0.333333333333	1.98310161001
499	6	1.39718309859	0.0037558685446	0.444444444444	2.39836996848
500	6	1.39718309859	0.00075117370892	0.133333333333	1.48667330998
501	6	1.39718309859	0.00018779342723	0.0666666666667	1.60282039245
502	5	1.39718309859	0.00093896713615	0.333333333333	1.85276239772
503	5	1.39718309859	0.0056338028169	1.0	1.90712649486
504	5	1.39718309859	0.00140845070423	0.166666666667	2.20069023926
505	6	1.39718309859	0.00413145539906	0.488888888889	1.76464207418
506	5	1.39718309859	0.00244131455399	0.216666666667	1.9320591274
507	6	1.39718309859	0.000469483568075	0.166666666667	1.67379220464
508	6	1.39718309859	0.00469483568075	0.555555555556	1.58078202041
509	6	1.39718309859	0.00281690140845	1.0	1.37883401398
510	5	1.39718309859	0.00281690140845	1.0	1.60565366401
511	5	1.39718309859	0.0	nan	1.69901433692
512	6	1.39718309859	0.00356807511737	0.422222222222	1.70395794682
513	6	1.39718309859	0.000469483568075	0.166666666667	1.68007733767
514	6	1.39718309859	0.0	nan	1.95326040723
515	7	1.39718309859	0.0	nan	1.53181426824
516	6	1.39718309859	0.0037558685446	0.666666666667	1.96423944689
517	5	1.39718309859	0.0	nan	1.73053320573
518	6	1.39718309859	0.00281690140845	1.0	1.66539148668
519	5	1.39718309859	0.00093896713615	0.333333333333	1.6287720348
520	5	1.39718309859	0.00140845070423	0.25	1.80199095268
521	5	1.39718309859	0.0	nan	1.50060099583
522	7	1.39718309859	0.000469483568075	0.166666666667	1.88442515314
523	8	1.39718309859	0.0	nan	1.97699680284
524	6	1.39718309859	0.0056338028169	1.0	1.7300496289
525	5	1.39718309859	0.0056338028169	1.0	1.83324259074
526	5	1.39718309859	0.00075117370892	0.133333333333	1.76258021334
527	6	1.39718309859	0.00093896713615	0.333333333333	1.56757158504
528	5	1.39718309859	0.00328638497653	0.583333333333	1.77261912623
529	5	1.39718309859	0.00422535211268	0.5	1.9680181584
530	5	1.39718309859	0.0	nan	1.85707105229
531	6	1.39718309859	0.0	nan	1.73402069559
532	5	1.39718309859	0.0056338028169	1.0	1.67694227994
533	6	1.39718309859	0.00093896713615	0.333333333333	1.75937304746
534	6	1.39718309859	0.00629107981221	0.558333333333	1.60012781746
535	6	1.39718309859	0.0030985915493	0.55	1.88075899256
536	6	1.39718309859	0.0	nan	1.68657443881
537	5	1.39718309859	0.0	nan	1.79232864588
538	5	1.39718309859	0.000281690140845	0.1	1.77346616225
539	6	1.39718309859	0.00093896713615	0.333333333333	1.75349856296
540	6	1.39718309859	0.0	nan	1.57868133043
541	7	1.39718309859	0.0	nan	1.4546320922
542	6	1.39718309859	0.0018779342723	0.333333333333	1.69834508421
543	6	1.39718309859	0.000469483568075	0.166666666667	1.63757484096
544	6	1.39718309859	0.000281690140845	0.1	1.84299754826
545	7	1.39718309859	0.0	nan	1.72811449654
546	6	1.39718309859	0.00018779342723	0.0666666666667	1.55169242096
547	5	1.39718309859	0.00140845070423	0.25	2.31157357404
548	6	1.39718309859	0.0037558685446	0.666666666667	1.68290570384
549	7	1.39718309859	0.00234741784038	0.277777777778	1.61901617065
550	6	1.39718309859	0.0	nan	1.71122163888
551	6	1.39718309859	0.000469483568075	0.166666666667	1.6279106179
552	6	1.39718309859	0.00140845070423	0.25	1.73828405894
553	6	1.39718309859	0.00112676056338	0.2	1.58343117281
554	6	1.39718309859	0.00140845070423	0.25	1.70051481609
555	7	1.39718309859	0.00075117370892	0.133333333333	1.80613420691
556	6	1.39718309859	0.00093896713615	0.333333333333	1.53010220773
557	6	1.39718309859	0.0	nan	1.72274452387
558	6	1.39718309859	0.00093896713615	0.333333333333	1.81492580743
559	6	1.39718309859	0.00300469483568	0.533333333333	1.78440719094
560	5	1.39718309859	0.000281690140845	0.1	1.56105557282
561	5	1.39718309859	0.000469483568075	0.166666666667	1.67493929192
562	5	1.39718309859	0.0056338028169	1.0	1.96631847395
563	7	1.39718309859	0.00140845070423	0.25	1.68894168436
564	5	1.39718309859	0.000281690140845	0.1	1.65371265104
565	8	1.39718309859	0.00075117370892	0.133333333333	1.62739490273
566	5	1.39718309859	0.0	nan	1.70195635387
567	6	1.39718309859	0.0	nan	1.47460209619
568	7	1.39718309859	0.0	nan	2.01620748533
569	6	1.39718309859	0.00610328638498	0.722222222222	1.6348424485
570	7	1.39718309859	0.00281690140845	1.0	1.41455773315
571	7	1.39718309859	0.000134138162307	0.047619047619	1.9758797161
572	7	1.39718309859	0.00281690140845	1.0	1.52564313082
573	6	1.39718309859	0.0	nan	1.72328926843
574	6	1.39718309859	0.00093896713615	0.166666666667	1.79521168006
575	6	1.39718309859	0.0	nan	1.81337792642
576	5	1.39718309859	0.0	nan	1.63348126233
577	6	1.39718309859	0.0018779342723	0.222222222222	1.81679394178
578	6	1.39718309859	0.0075117370892	0.888888888889	1.76664626043
579	6	1.39718309859	0.001220657277	0.144444444444	1.80862500524
580	5	1.39718309859	0.00140845070423	0.25	1.71461142993
581	6	1.39718309859	0.00300469483568	0.533333333333	1.84334641751
582	5	1.39718309859	0.00093896713615	0.333333333333	1.6710408271
583	5	1.39718309859	0.000469483568075	0.166666666667	1.63968176303
584	5	1.39718309859	0.0	nan	1.57298497498
585	7	1.39718309859	0.00093896713615	0.333333333333	1.66449028151
586	6	1.39718309859	0.0	nan	1.88827136126
587	5	1.39718309859	0.0	nan	1.51120257796
588	7	1.39718309859	0.00150234741784	0.177777777778	1.56905039262
589	6	1.39718309859	0.0056338028169	0.5	1.85396760285
590	6	1.39718309859	0.00591549295775	0.7	1.6262359399
591	6	1.39718309859	0.0	nan	1.95511321459
592	6	1.39718309859	0.0	nan	1.86177035879
593	8	1.39718309859	0.000469483568075	0.166666666667	1.55195604931
594	6	1.39718309859	0.00281690140845	1.0	2.00019955466
595	6	1.39718309859	0.00140845070423	0.25	2.00649666078
596	8	1.39718309859	0.00018779342723	0.0666666666667	1.66049676806
597	6	1.39718309859	0.0037558685446	0.666666666667	1.6907998221
598	6	1.39718309859	0.0018779342723	0.666666666667	1.63029248278
599	6	1.39718309859	0.001220657277	0.216666666667	1.74938030931
600	6	1.39718309859	0.00281690140845	1.0	1.70815034944
601	5	1.39718309859	0.00093896713615	0.333333333333	1.4466380166
602	6	1.39718309859	0.0	nan	1.70831337342
603	7	1.39718309859	0.0	nan	1.78427310617
604	6	1.39718309859	0.00281690140845	1.0	1.71928605369
605	6	1.39718309859	0.00328638497653	0.583333333333	1.91799313405
606	6	1.39718309859	0.001220657277	0.216666666667	1.51866262635
607	6	1.39718309859	0.00169014084507	0.2	1.68634822804
608	7	1.39718309859	0.00328638497653	0.583333333333	1.87984155651
609	6	1.39718309859	0.00093896713615	0.333333333333	1.7456145652
610	5	1.39718309859	0.0037558685446	0.666666666667	1.44678019728
611	6	1.39718309859	0.00093896713615	0.333333333333	1.78398068614
612	6	1.39718309859	0.00845070422535	1.0	1.78195100193
613	5	1.39718309859	0.000469483568075	0.166666666667	1.72168729924
614	6	1.39718309859	0.0	nan	1.88839399476
615	6	1.39718309859	0.00281690140845	1.0	1.79415098298
616	6	1.39718309859	0.0	nan	1.64000146964
617	6	1.39718309859	0.0037558685446	0.666666666667	1.57288620443
618	7	1.39718309859	0.00154258886653	0.18253968254	1.62113597986
619	5	1.39718309859	0.00281690140845	1.0	1.62745476354
620	6	1.39718309859	0.000281690140845	0.1	1.58111561475
621	7	1.39718309859	0.000469483568075	0.166666666667	1.68360304362
622	6	1.39718309859	0.0	nan	1.37882238485
623	6	1.39718309859	0.00469483568075	0.555555555556	1.67410899149
624	5	1.39718309859	0.0030985915493	0.55	1.62209564315
625	5	1.39718309859	0.0	nan	2.09558243464
626	6	1.39718309859	0.0	nan	1.60100359487
627	8	1.39718309859	0.00281690140845	0.333333333333	1.70982000242
628	6	1.39718309859	0.00328638497653	0.583333333333	1.90653242989
629	6	1.39718309859	0.00093896713615	0.333333333333	1.732430334
630	6	1.39718309859	0.000281690140845	0.1	1.79562763542
631	6	1.39718309859	0.00093896713615	0.333333333333	1.71374569038
632	5	1.39718309859	0.00093896713615	0.333333333333	1.91471692059
633	5	1.39718309859	0.00093896713615	0.333333333333	1.5787930062
634	7	1.39718309859	0.00093896713615	0.333333333333	1.69164247964
635	5	1.39718309859	0.00262910798122	0.311111111111	1.80756451452
636	7	1.39718309859	0.0	nan	1.82676387368
637	6	1.39718309859	0.001220657277	0.216666666667	1.88008550765
638	5	1.39718309859	0.00469483568075	0.555555555556	1.59900612041
639	6	1.39718309859	0.0056338028169	1.0	1.72617189721
640	6	1.39718309859	0.00056338028169	0.1	1.7693775388
641	5	1.39718309859	0.0037558685446	0.444444444444	1.69971864347
642	5	1.39718309859	0.001220657277	0.216666666667	1.8498065893
643	6	1.39718309859	0.00328638497653	0.583333333333	1.77467816982
644	6	1.39718309859	0.00140845070423	0.25	1.77080871705
645	6	1.39718309859	0.0	nan	1.63826995916
646	7	1.39718309859	0.0	nan	1.57241134129
647	6	1.39718309859	0.0	nan	1.60178833638
648	5	1.39718309859	0.00328638497653	0.583333333333	1.74920116947
649	6	1.39718309859	0.00582159624413	0.688888888889	1.73384464939
650	5	1.39718309859	0.000281690140845	0.1	1.58062912091
651	7	1.39718309859	0.0	nan	1.53098795602
652	5	1.39718309859	0.00140845070423	0.25	1.87591874237
653	6	1.39718309859	0.00206572769953	0.183333333333	1.94685048715
654	6	1.39718309859	0.00234741784038	0.277777777778	1.66745034251
655	6	1.39718309859	0.00093896713615	0.333333333333	1.61580076777
656	8	1.39718309859	0.001220657277	0.144444444444	1.54544511922
657	6	1.39718309859	0.00093896713615	0.333333333333	1.6982128137
658	6	1.39718309859	0.00281690140845	1.0	1.82466968211
659	6	1.39718309859	0.00516431924883	0.458333333333	1.54480582649
660	7	1.39718309859	0.00281690140845	1.0	1.60600021589
661	5	1.39718309859	0.00281690140845	1.0	1.70950520216
662	5	1.39718309859	0.0037558685446	0.666666666667	1.57386384327
663	5	1.39718309859	0.00093896713615	0.333333333333	1.5859021751
664	5	1.39718309859	0.00403755868545	0.477777777778	1.65776743446
665	6	1.39718309859	0.00403755868545	0.477777777778	1.75977958333
666	7	1.39718309859	0.00093896713615	0.333333333333	1.89071829468
667	7	1.39718309859	0.0049765258216	0.441666666667	1.6364293218
668	6	1.39718309859	0.00422535211268	0.5	1.79476965342
669	7	1.39718309859	0.00281690140845	1.0	1.55569268676
670	6	1.39718309859	0.0	nan	1.64170566833
671	5	1.39718309859	0.00093896713615	0.333333333333	1.86789853019
672	5	1.39718309859	0.00093896713615	0.333333333333	1.62574160163
673	6	1.39718309859	0.00140845070423	0.25	1.83278439801
674	7	1.39718309859	0.0	nan	1.46727238945
675	7	1.39718309859	0.00717639168343	0.509523809524	1.50879046633
676	5	1.39718309859	0.00610328638498	0.722222222222	1.58126344244
677	6	1.39718309859	0.0	nan	1.95912563802
678	5	1.39718309859	0.0056338028169	0.5	2.06543843854
679	7	1.39718309859	0.0018779342723	0.333333333333	1.64243917003
680	5	1.39718309859	0.00093896713615	0.333333333333	1.42760338098
681	6	1.39718309859	0.00328638497653	0.583333333333	1.51416960459
682	6	1.39718309859	0.00140845070423	0.25	1.45744490956
683	7	1.39718309859	0.0	nan	1.53305233775
684	5	1.39718309859	0.00281690140845	1.0	2.02661927052
685	5	1.39718309859	0.00093896713615	0.333333333333	1.79706422093
686	5	1.39718309859	0.00093896713615	0.333333333333	1.72782585961
687	6	1.39718309859	0.000281690140845	0.1	1.63735205799
688	5	1.39718309859	0.00281690140845	1.0	1.69586965734
689	5	1.39718309859	0.00281690140845	1.0	1.84063054564
690	6	1.39718309859	0.00093896713615	0.333333333333	1.63391909409
691	5	1.39718309859	0.0018779342723	0.333333333333	1.54245572139
692	6	1.39718309859	0.000281690140845	0.1	1.54918489516
693	6	1.39718309859	0.00112676056338	0.2	1.90788219336
694	5	1.39718309859	0.00328638497653	0.583333333333	1.52332914339
695	6	1.39718309859	0.0018779342723	0.333333333333	1.98861317894
696	5	1.39718309859	0.001220657277	0.216666666667	1.69162885129
697	5	1.39718309859	0.00093896713615	0.333333333333	1.62995975043
698	5	1.39718309859	0.000469483568075	0.166666666667	1.58622075093
699	6	1.39718309859	0.00075117370892	0.133333333333	2.11021170743
700	7	1.39718309859	0.0	nan	1.63324100336
701	5	1.39718309859	0.00093896713615	0.333333333333	1.59903391267
702	6	1.39718309859	0.00140845070423	0.25	1.78216880585
703	6	1.39718309859	0.0	nan	1.68088178562
704	5	1.39718309859	0.000469483568075	0.166666666667	1.77829608034
705	4	1.39718309859	0.000469483568075	0.166666666667	1.92481244306
706	5	1.39718309859	0.00140845070423	0.25	1.81648730964
707	6	1.39718309859	0.00281690140845	1.0	1.78736246128
708	6	1.39718309859	0.0	nan	1.88486756247
709	5	1.39718309859	0.0	nan	1.63704085974
710	6	1.39718309859	0.0	nan	1.89316384637
711	5	1.39718309859	0.00281690140845	1.0	1.57522850533
712	6	1.39718309859	0.0	nan	1.5707564614
713	6	1.39718309859	0.0	nan	1.7530318159
714	5	1.39718309859	0.00281690140845	1.0	1.55057201959
715	6	1.39718309859	0.000281690140845	0.1	1.58965563855
716	5	1.39718309859	0.0037558685446	0.666666666667	1.69041176269
717	5	1.39718309859	0.00281690140845	1.0	1.81797133378
718	6	1.39718309859	0.00281690140845	1.0	1.67390168331
719	6	1.39718309859	0.0037558685446	0.666666666667	1.50066608376
720	6	1.39718309859	0.00281690140845	1.0	1.64696090711
721	6	1.39718309859	0.0	nan	1.54783263035
722	6	1.39718309859	0.00281690140845	1.0	1.68460612699
723	5	1.39718309859	0.0	nan	1.60772487982
724	6	1.39718309859	0.0	nan	1.80168053358
725	6	1.39718309859	0.00516431924883	0.458333333333	1.66098381107
726	7	1.39718309859	0.0037558685446	0.666666666667	1.3823041876
727	5	1.39718309859	0.00140845070423	0.25	1.89974684223
728	6	1.39718309859	0.0	nan	1.88576970826
729	6	1.39718309859	0.0	nan	1.65812561422
730	5	1.39718309859	0.00234741784038	0.277777777778	2.11336843189
731	5	1.39718309859	0.00281690140845	1.0	1.6298176486
732	5	1.39718309859	0.00140845070423	0.25	1.76628639133
733	5	1.39718309859	0.0	nan	1.6065847371
734	6	1.39718309859	0.00056338028169	0.1	1.70483173839
735	5	1.39718309859	0.0056338028169	1.0	1.82418406878
736	5	1.39718309859	0.00093896713615	0.166666666667	1.81383332424
737	5	1.39718309859	0.001220657277	0.216666666667	1.51652430044
738	6	1.39718309859	0.00093896713615	0.166666666667	1.84683107363
739	6	1.39718309859	0.0	nan	1.88175388087
740	5	1.39718309859	0.00140845070423	0.25	1.93554050057
741	6	1.39718309859	0.00093896713615	0.333333333333	1.59810698481
742	5	1.39718309859	0.0037558685446	0.666666666667	1.96121543568
743	5	1.39718309859	0.00093896713615	0.333333333333	1.86190270259
744	5	1.39718309859	0.00093896713615	0.166666666667	1.79241974342
745	5	1.39718309859	0.00422535211268	0.5	1.77126436564
746	5	1.39718309859	0.00657276995305	0.583333333333	2.28369789147
747	7	1.39718309859	0.00469483568075	0.555555555556	1.48453476286
748	5	1.39718309859	0.000281690140845	0.1	1.85380519008
749	5	1.39718309859	0.000469483568075	0.166666666667	1.50115267639
750	6	1.39718309859	0.0	nan	1.87668582219
751	6	1.39718309859	0.000281690140845	0.1	1.64162352663
752	6	1.39718309859	0.00403755868545	0.477777777778	1.6595488923
753	6	1.39718309859	0.00281690140845	1.0	1.67005530207
754	5	1.39718309859	0.0	nan	2.09589876616
755	6	1.39718309859	0.0056338028169	1.0	1.89221911426
756	6	1.39718309859	0.0	nan	1.69315988407
757	6	1.39718309859	0.00281690140845	1.0	1.68852487546
758	5	1.39718309859	0.00093896713615	0.333333333333	1.60091118559
759	7	1.39718309859	0.0	nan	1.41628074693
760	7	1.39718309859	0.00093896713615	0.333333333333	1.42750718446
761	5	1.39718309859	0.000281690140845	0.1	1.73780051774
762	6	1.39718309859	0.000281690140845	0.1	1.69028853826
763	6	1.39718309859	0.00093896713615	0.333333333333	1.83034630699
764	6	1.39718309859	0.00281690140845	1.0	1.4994187785
765	6	1.39718309859	0.00300469483568	0.533333333333	1.81419342079
766	6	1.39718309859	0.00281690140845	1.0	1.73090565833
767	5	1.39718309859	0.0	nan	2.06323467954
768	5	1.39718309859	0.00093896713615	0.333333333333	1.91432593295
769	5	1.39718309859	0.000469483568075	0.166666666667	1.8171266623
770	6	1.39718309859	0.00281690140845	1.0	2.07810673235
771	7	1.39718309859	0.0	nan	1.62340164136
772	6	1.39718309859	0.00328638497653	0.583333333333	1.85156622052
773	6	1.39718309859	0.000469483568075	0.166666666667	1.54472189581
774	6	1.39718309859	0.0	nan	1.52576381298
775	5	1.39718309859	0.0	nan	1.69491473446
776	7	1.39718309859	0.0	nan	1.59359132963
777	5	1.39718309859	0.0	nan	2.16174416464
778	5	1.39718309859	0.0018779342723	0.333333333333	1.67910779696
779	6	1.39718309859	0.00328638497653	0.583333333333	1.674290871
780	6	1.39718309859	0.0037558685446	0.666666666667	1.72326956291
781	6	1.39718309859	0.0	nan	1.93533899713
782	6	1.39718309859	0.00281690140845	1.0	1.89000676207
783	5	1.39718309859	0.00093896713615	0.333333333333	1.74355018201
784	6	1.39718309859	0.0	nan	1.54719344958
785	6	1.39718309859	0.0018779342723	0.666666666667	1.57088020008
786	6	1.39718309859	0.00281690140845	1.0	1.69857073779
787	5	1.39718309859	0.00140845070423	0.166666666667	1.62952537337
788	5	1.39718309859	0.0037558685446	0.666666666667	1.61736596208
789	7	1.39718309859	0.00234741784038	0.277777777778	1.71349018237
790	7	1.39718309859	0.000469483568075	0.166666666667	1.59514036041
791	5	1.39718309859	0.000281690140845	0.1	1.56550422367
792	7	1.39718309859	0.00107310529846	0.190476190476	1.63252076364
793	5	1.39718309859	0.00093896713615	0.333333333333	1.56815112386
794	5	1.39718309859	0.0	nan	1.57208238305
795	6	1.39718309859	0.00112676056338	0.2	1.82798617256
796	7	1.39718309859	0.00389000670691	0.460317460317	1.62288524267
797	5	1.39718309859	0.0	nan	1.79234920434
798	5	1.39718309859	0.0	nan	1.65878599572
799	5	1.39718309859	0.00093896713615	0.333333333333	1.68922647641
800	6	1.39718309859	0.000469483568075	0.166666666667	1.9373018691
801	6	1.39718309859	0.0	nan	1.85061726632
802	5	1.39718309859	0.00281690140845	1.0	1.68909154389
803	7	1.39718309859	0.00328638497653	0.291666666667	1.58417864187
804	6	1.39718309859	0.0	nan	2.09331192575
805	5	1.39718309859	0.00093896713615	0.166666666667	1.70417823117
806	5	1.39718309859	0.00281690140845	1.0	1.77430027108
807	7	1.39718309859	0.0	nan	1.45120018937
808	5	1.39718309859	0.0	nan	2.0524521607
809	6	1.39718309859	0.00140845070423	0.25	1.71903510568
810	6	1.39718309859	0.00169014084507	0.2	1.65514211635
811	6	1.39718309859	0.00093896713615	0.333333333333	1.6835609665
812	7	1.39718309859	0.001220657277	0.144444444444	1.50963979433
813	6	1.39718309859	0.0037558685446	0.666666666667	1.67927401725
814	7	1.39718309859	0.0	nan	1.61002863539
815	6	1.39718309859	0.0037558685446	0.666666666667	1.51409848959
816	7	1.39718309859	0.00169014084507	0.2	1.69981828056
817	5	1.39718309859	0.0037558685446	0.666666666667	1.7328740043
818	6	1.39718309859	0.00281690140845	1.0	1.63409639092
819	5	1.39718309859	0.0	nan	1.81549946785
820	5	1.39718309859	0.0	nan	1.77095186559
821	6	1.39718309859	0.0	nan	1.6506765833
822	7	1.39718309859	0.0	nan	1.77574864416
823	6	1.39718309859	0.0	nan	1.75980556723
824	5	1.39718309859	0.00093896713615	0.333333333333	1.85390808469
825	5	1.39718309859	0.000469483568075	0.166666666667	1.48564284782
826	6	1.39718309859	0.0	nan	1.50245751516
827	5	1.39718309859	0.0	nan	1.63834957676
828	6	1.39718309859	0.00093896713615	0.333333333333	1.8936626688
829	7	1.39718309859	0.00516431924883	0.458333333333	1.63791537015
830	6	1.39718309859	0.0	nan	1.73144653113
831	5	1.39718309859	0.00610328638498	0.433333333333	1.57905527102
832	6	1.39718309859	0.00140845070423	0.25	1.65756034712
833	6	1.39718309859	0.0	nan	1.63782352399
834	5	1.39718309859	0.0037558685446	0.666666666667	1.651272578
835	7	1.39718309859	0.000134138162307	0.047619047619	1.6001952068
836	5	1.39718309859	0.00140845070423	0.25	1.57583329103
837	6	1.39718309859	0.0	nan	1.82733893803
838	5	1.39718309859	0.0	nan	1.73758024116
839	5	1.39718309859	0.00234741784038	0.277777777778	1.9260592917
840	7	1.39718309859	0.0	nan	1.56622714418
841	5	1.39718309859	0.0	nan	1.60879716371
842	5	1.39718309859	0.00093896713615	0.333333333333	1.8644421681
843	6	1.39718309859	0.00281690140845	1.0	1.56509031199
844	6	1.39718309859	0.0056338028169	0.333333333333	1.73970766145
845	6	1.39718309859	0.0	nan	1.64239125733
846	5	1.39718309859	0.000469483568075	0.166666666667	1.45879829554
847	5	1.39718309859	0.00093896713615	0.333333333333	1.73449596213
848	7	1.39718309859	0.00093896713615	0.333333333333	1.66150844245
849	6	1.39718309859	0.000281690140845	0.1	1.77116037243
850	6	1.39718309859	0.0	nan	1.57320414219
851	7	1.39718309859	0.00131455399061	0.116666666667	1.50814732143
852	5	1.39718309859	0.0	nan	1.64994733179
853	6	1.39718309859	0.0	nan	1.79010981443
854	6	1.39718309859	0.00093896713615	0.333333333333	1.71960485748
855	6	1.39718309859	0.0018779342723	0.333333333333	1.79609485615
856	7	1.39718309859	0.00450704225352	0.4	1.72591643945
857	6	1.39718309859	0.00140845070423	0.25	1.843786323
858	5	1.39718309859	0.00234741784038	0.277777777778	1.95402560078
859	6	1.39718309859	0.0037558685446	0.666666666667	1.6419430415
860	5	1.39718309859	0.0	nan	1.63364599414
861	7	1.39718309859	0.000469483568075	0.166666666667	1.75277177161
862	6	1.39718309859	0.0	nan	1.72982781228
863	5	1.39718309859	0.0	nan	1.75004140886
864	7	1.39718309859	0.00281690140845	1.0	1.78698297346
865	6	1.39718309859	0.0	nan	1.65465862414
866	6	1.39718309859	0.0	nan	1.68911304505
867	6	1.39718309859	0.00093896713615	0.333333333333	1.63123011321
868	6	1.39718309859	0.00281690140845	1.0	1.66768313637
869	5	1.39718309859	0.00281690140845	1.0	1.47180133814
870	5	1.39718309859	0.0	nan	1.59587962292
871	6	1.39718309859	0.00262910798122	0.233333333333	1.53148541559
872	7	1.39718309859	0.0	nan	1.58302347457
873	7	1.39718309859	0.00140845070423	0.166666666667	1.87985018693
874	6	1.39718309859	0.00018779342723	0.0666666666667	1.63264983934
875	5	1.39718309859	0.001220657277	0.216666666667	1.71067622969
876	6	1.39718309859	0.00093896713615	0.333333333333	1.69761852353
877	6	1.39718309859	0.00140845070423	0.25	2.06992942599
878	6	1.39718309859	0.00018779342723	0.0666666666667	1.64801857758
879	6	1.39718309859	0.0018779342723	0.333333333333	1.51927499816
880	7	1.39718309859	0.0075117370892	0.666666666667	1.58140869959
881	7	1.39718309859	0.00215962441315	0.255555555556	1.98402459589
882	5	1.39718309859	0.00403755868545	0.477777777778	1.61735363197
883	5	1.39718309859	0.0	nan	1.64763063159
884	5	1.39718309859	0.0	nan	1.66406184905
885	5	1.39718309859	0.000469483568075	0.166666666667	1.60058911446
886	6	1.39718309859	0.000469483568075	0.166666666667	1.56520021349
887	5	1.39718309859	0.0	nan	1.47430831909
888	6	1.39718309859	0.00093896713615	0.333333333333	2.01573589014
889	5	1.39718309859	0.0037558685446	0.666666666667	1.95647090088
890	6	1.39718309859	0.0	nan	1.63015467542
891	6	1.39718309859	0.0	nan	1.99320133891
892	5	1.39718309859	0.0	nan	1.83847393525
893	6	1.39718309859	0.0	nan	1.65925720621
894	6	1.39718309859	0.0	nan	1.97809016329
895	5	1.39718309859	0.0018779342723	0.333333333333	1.92261962963
896	6	1.39718309859	0.0037558685446	0.666666666667	1.91280756553
897	7	1.39718309859	0.0	nan	1.59489095695
898	6	1.39718309859	0.000281690140845	0.1	1.63435407372
899	6	1.39718309859	0.001220657277	0.216666666667	1.55298506421
900	7	1.39718309859	0.000469483568075	0.166666666667	1.64707428153
901	6	1.39718309859	0.001220657277	0.144444444444	1.5710557828
902	5	1.39718309859	0.00140845070423	0.25	1.75423510957
903	6	1.39718309859	0.00328638497653	0.583333333333	1.82287850288
904	6	1.39718309859	0.0037558685446	0.666666666667	2.13486256687
905	5	1.39718309859	0.000469483568075	0.166666666667	1.66683665928
906	7	1.39718309859	0.0018779342723	0.333333333333	1.74951922624
907	5	1.39718309859	0.001220657277	0.216666666667	1.6482965393
908	6	1.39718309859	0.0056338028169	1.0	1.82203298778
909	5	1.39718309859	0.0018779342723	0.333333333333	1.898696755
910	6	1.39718309859	0.0	nan	1.43187278195
911	5	1.39718309859	0.0030985915493	0.55	1.79726987163
912	6	1.39718309859	0.00403755868545	0.477777777778	1.97455471319
913	7	1.39718309859	0.0	nan	1.83004308109
914	7	1.39718309859	0.00858484238766	0.761904761905	1.5576494178
915	7	1.39718309859	0.0	nan	1.73151860613
916	7	1.39718309859	0.0	nan	2.02483678155
917	5	1.39718309859	0.00338028169014	0.6	1.85586819829
918	6	1.39718309859	0.000281690140845	0.1	1.8735420653
919	6	1.39718309859	0.000469483568075	0.166666666667	2.19274801318
920	7	1.39718309859	0.000791415157612	0.0936507936508	1.74787747146
921	6	1.39718309859	0.00093896713615	0.333333333333	1.61525496322
922	5	1.39718309859	0.00075117370892	0.133333333333	1.57344052172
923	5	1.39718309859	0.0	nan	1.7230988456
924	5	1.39718309859	0.0	nan	2.11182894867
925	6	1.39718309859	0.0	nan	1.78643147038
926	5	1.39718309859	0.0	nan	1.92437275589
927	5	1.39718309859	0.0	nan	1.7836188118
928	5	1.39718309859	0.00328638497653	0.583333333333	1.58992435323
929	6	1.39718309859	0.00093896713615	0.166666666667	1.55831129357
930	6	1.39718309859	0.00018779342723	0.0666666666667	1.80367841512
931	6	1.39718309859	0.00469483568075	0.555555555556	1.89695409428
932	5	1.39718309859	0.000469483568075	0.166666666667	2.01526894274
933	5	1.39718309859	0.0018779342723	0.333333333333	1.54954727685
934	6	1.39718309859	0.00281690140845	1.0	1.66394038642
935	6	1.39718309859	0.0	nan	1.69585300554
936	5	1.39718309859	0.00356807511737	0.422222222222	1.86629556311
937	6	1.39718309859	0.00169014084507	0.2	1.54512741437
938	6	1.39718309859	0.00281690140845	1.0	1.6867097851
939	5	1.39718309859	0.00140845070423	0.25	1.59700544813
940	6	1.39718309859	0.0	nan	1.81903916513
941	5	1.39718309859	0.0037558685446	0.666666666667	1.87179451904
942	5	1.39718309859	0.00704225352113	0.625	1.89861255348
943	6	1.39718309859	0.00328638497653	0.583333333333	1.83353042374
944	7	1.39718309859	0.0	nan	1.54065158979
945	6	1.39718309859	0.00112676056338	0.133333333333	1.62244737138
946	6	1.39718309859	0.00140845070423	0.25	1.54109833858
947	7	1.39718309859	0.0	nan	1.54011693435
948	7	1.39718309859	0.00093896713615	0.166666666667	1.59326552115
949	5	1.39718309859	0.00093896713615	0.333333333333	1.73683782324
950	5	1.39718309859	0.00281690140845	1.0	1.65419406976
951	6	1.39718309859	0.000281690140845	0.1	1.6958851457
952	6	1.39718309859	0.00281690140845	0.333333333333	1.81117738887
953	6	1.39718309859	0.00093896713615	0.333333333333	1.55800200089
954	5	1.39718309859	0.00281690140845	1.0	1.67600674678
955	7	1.39718309859	0.00610328638498	0.433333333333	1.77727240782
956	5	1.39718309859	0.0	nan	1.52892027713
957	6	1.39718309859	0.000469483568075	0.166666666667	2.02482847424
958	6	1.39718309859	0.0030985915493	0.55	1.80716308512
959	6	1.39718309859	0.00281690140845	0.5	1.71167187549
960	6	1.39718309859	0.0	nan	1.55488472489
961	6	1.39718309859	0.00093896713615	0.333333333333	1.78504399637
962	6	1.39718309859	0.00093896713615	0.333333333333	1.82066311962
963	6	1.39718309859	0.0	nan	1.48480006362
964	6	1.39718309859	0.000657276995305	0.116666666667	1.72007795519
965	6	1.39718309859	0.00845070422535	1.0	1.70453805454
966	5	1.39718309859	0.0	nan	1.85177457838
967	6	1.39718309859	0.00093896713615	0.333333333333	1.70453431613
968	6	1.39718309859	0.0	nan	1.64603044388
969	5	1.39718309859	0.00281690140845	1.0	2.22469271205
970	7	1.39718309859	0.001220657277	0.216666666667	1.6260957396
971	5	1.39718309859	0.00281690140845	1.0	1.67146865672
972	6	1.39718309859	0.00262910798122	0.233333333333	1.63430585557
973	5	1.39718309859	0.0	nan	1.60092987094
974	6	1.39718309859	0.00093896713615	0.333333333333	2.12129286767
975	6	1.39718309859	0.00281690140845	1.0	1.81128508441
976	5	1.39718309859	0.00093896713615	0.166666666667	1.98902430479
977	6	1.39718309859	0.0	nan	1.44904568551
978	6	1.39718309859	0.00018779342723	0.0666666666667	1.64052856967
979	6	1.39718309859	0.00657276995305	0.777777777778	1.81702683044
980	6	1.39718309859	0.0	nan	1.52536115959
981	8	1.39718309859	0.00093896713615	0.333333333333	1.58039556878
982	5	1.39718309859	0.0037558685446	0.666666666667	1.66964881719
983	5	1.39718309859	0.0056338028169	1.0	1.75955967229
984	5	1.39718309859	0.0018779342723	0.333333333333	1.43490500555
985	6	1.39718309859	0.00093896713615	0.333333333333	2.27380723796
986	5	1.39718309859	0.0	nan	1.86063716853
987	7	1.39718309859	0.0018779342723	0.333333333333	1.7491308639
988	6	1.39718309859	0.00093896713615	0.333333333333	1.6374749414
989	7	1.39718309859	0.00281690140845	1.0	1.6634734936
990	5	1.39718309859	0.0037558685446	0.666666666667	1.96320518455
991	5	1.39718309859	0.0037558685446	0.666666666667	1.56148726353
992	5	1.39718309859	0.00093896713615	0.333333333333	1.73049375849
993	6	1.39718309859	0.00281690140845	1.0	1.54326528934
994	5	1.39718309859	0.000469483568075	0.166666666667	2.34966158458
995	5	1.39718309859	0.00422535211268	0.5	1.69738658965
996	6	1.39718309859	0.0	nan	1.50186505108
997	6	1.39718309859	0.00347417840376	0.411111111111	1.486641122
998	6	1.39718309859	0.0	nan	1.67466299595
999	5	1.39718309859	0.00093896713615	0.333333333333	2.10878689144
