"ECB_01992"	"ECB_02002"	"ECB_02512"	"ECB_02798"	"ECB_02804"	"ECB_02821"	"ECB_misc_RNA_47"	"ECB_misc_RNA_7"	"ESCRE1901"	"ESCRE2157"	"IS3_insF"	"IS5_ESec3"	"actP"	"aroK"	"atoC"	"cls"	"crp"	"cysQ"	"dgt"	"dnaA"	"dppD"	"dusB"	"eamA"	"entF"	"eutJ"	"fbp"	"fis"	"flhA"	"frmB"	"fsr"	"gabD"	"glgC"	"glgP"	"glmM"	"glmS"	"glpE"	"glpF"	"glpR"	"glpT"	"hupB"	"hycE"	"hypE"	"iclR"	"ilvE"	"ilvL"	"infB"	"ispH"	"kpsD"	"kpsE"	"kpsM"	"lptB"	"lsrG"	"manX"	"mdoH"	"metA"	"metH"	"metW"	"mraZ"	"mrdA"	"mrdB"	"mreB"	"mreC"	"mreD"	"nagD"	"nrdR"	"nusA"	"ompR"	"orn"	"pitB"	"poxA"	"ppiA"	"prfA"	"proW"	"puuP"	"rep"	"rhlB"	"rho"	"rhsA"	"rmlB"	"rnc"	"rpoB"	"rpoC"	"rpoD"	"rpsA"	"rssB"	"sbmA"	"secF"	"speB"	"tap"	"thrA"	"tktB"	"tldD"	"topA"	"torS"	"truB"	"uspA"	"uvrD"	"wzyE"	"ybaL"	"ybbN"	"ybfA"	"ydaE"	"yehU"	"yfgA"	"yjcO"	"yjcR"	"yjhA"	"yjhC"	"ynjA"	"zraR"
"ECB_01992"	1	0	0	0	0	0	0	0	0	0	0	0	0	0	0	0	0	0	0	0	0	0	0	0	0	0	0	0	0	0	0	0	0	0	0.10468477672828	0	0	0	0	0	0	0	0	0	0	0	0	0	0	0	0	0	0	0	0	0	0	0	0	0	0	0	0	0	0	0	0	0	0	0	0	0	0	0	0	0	0	0	0	0	0	0	0	0	0.0515642498245174	0	0	0	0	0	0	0	0	0	0	0	0	0	0	0	0	0	0	0	0	0	0	0	0	0
"ECB_02002"	0	1	0	0	0	0	0	0	0	0	0	0	0	0	0	0	0	0	0	0	0	0	0	0	0	0	0	0	0	0	0	0	0	0	0	0	0	0	0	0	0	0	0	0	0	0	0	0	0	0	0	0	0	0	0	0	0	0	0	0	0	0	0	0	0	0	0	0	0	0	0	0	0	0	0	0	0	0	0	0	0	0	0	0	0	0	0	0	0	0	0	0	0	0	0	0	0	0	0	0	0	0	0	0	0	0	0	0	0	0
"ECB_02512"	0	0	1	0	0	0	0	0	0	0	0	0	0	0	0	0	0	0	0	0	0	0	0	0	0	0	0	0	0	0	0	0	0	0	0	0	0	0	0	0	0	0	0	0	0	0	0	0.151132335320552	0	0	0	0	0	0	0	0	0	0	0.120799934682141	0	0	0	0	0	0	0	0	0	0	0	0	0	0	0	0.13973940265324	0	0	0	0	0	0	0	0	0	0	0	0	0	0	0	0	0	0	0	0	0.124605720106628	0	0	0	0	0.14233032443063	0	0	0	0	0	0	0	0	0
"ECB_02798"	0	0	0	1	0	0	0	0	0	0	0	0	0	0	0	0	0	0	0	0	0	0	0	0	0	0	0	0	0	0	0	0	0	0	0	0	0	0	0	0	0	0	0	0	0	0	0	0	0	0	0	0	0	0	0	0	0	0	0	0	0	0	0.12248414128941	0	0	0	0	0	0	0	0	0	0	0	0	0	0	0	0	0	0	0.05880682965316	0	0	0.0759660588540579	0	0	0	0	0	0	0	0	0	0	0	0	0	0	0	0	0	0	0	0	0	0	0	0	0
"ECB_02804"	0	0	0	0	1	0	0	0	0	0	0	0.117708131230242	0	0	0	0	0	0	0	0	0	0	0	0	0	0	0	0	0	0	0	0	0	0	0	0	0	0	0	0	0	0	0	0	0	0	0	0	0	0	0	0	0	0	0	0	0	0	0	0	0	0	0	0.13394589893639	0	0.11104701048471	0	0	0	0	0	0	0	0.1266832105024	0	0	0	0	0	0	0	0	0	0	0	0	0	0	0	0	0	0	0	0	0	0	0	0	0	0	0	0	0	0	0	0	0	0	0	0
"ECB_02821"	0	0	0	0	0	1	0	0	0	0	0	0	0	0	0	0	0	0	0	0	0	0	0	0	0	0	0	0	0	0	0	0	0	0	0.134465421736647	0	0.0881121715611708	0	0	0.131588210563185	0	0	0	0	0	0	0	0	0	0	0	0	0	0	0	0	0	0.139375252166667	0	0	0	0	0	0	0	0	0	0	0	0	0	0	0	0	0	0	0	0	0	0	0	0	0	0	0	0	0	0	0	0	0	0	0	0	0	0.1138572490666	0	0	0	0	0	0	0	0	0	0	0	0	0	0
"ECB_misc_RNA_47"	0	0	0	0	0	0	1	0	0.121782529886932	0	0	0	0	0	0	0	0	0	0	0	0	0	0	0.125581797632424	0	0	0	0	0	0	0	0	0	0	0	0	0	0	0	0	0	0	0	0	0	0	0	0	0	0	0	0	0	0.126379988465485	0	0	0	0	0	0	0	0	0	0	0	0	0	0	0	0	0	0	0	0	0	0	0	0	0	0	0	0	0	0	0	0	0	0	0	0.135885712190781	0	0	0	0	0	0	0	0	0	0	0	0	0	0	0	0	0	0	0	0
"ECB_misc_RNA_7"	0	0	0	0	0	0	0	1	0	0	0	0	0	0	0	0	0	0	0	0	0	0	0	0	0	0	0	0	0	0	0	0	0	0	0	0	0	0	0	0	0	0	0	0	0	0	0	0	0	0	0	0	0	0	0	0	0	0	0	0	0	0	0	0	0	0	0	0	0	0	0	0	0	0	0	0	0	0	0.129366901017771	0	0	0.0585418278771858	0	0	0	0	0	0	0	0	0	0	0	0	0	0.0855259745139505	0	0	0	0	0	0	0	0	0	0	0	0	0	0
"ESCRE1901"	0	0	0	0	0	0	0.121782529886932	0	1	0	0	0	0	0	0	0	0.0761536703628996	0	0	0	0	0	0	0.0810176450119435	0	0.112516573840601	0	0	0	0	0	0	0	0	0	0	0	0	0	0	0	0	-0.0713506378085276	0	0	0	0	0	0.103645607974254	0	0	0	0	0.0823822154058404	0.136773916058361	0	0	0	0	0	0	0	0	0	0	0.0810380727057788	0	0	0	0	0	0	0	0	0	0	-0.00652370690276742	0	0	0	0	0	0	0	0	0	0	0	0	0.0984296410832216	0	0	0	0	0	0	0	0	0	0	0	0	0	0	0	0	0	0	0	0
"ESCRE2157"	0	0	0	0	0	0	0	0	0	1	0	0	0	0	0	0	0	0	0	0	0	0	0	0	0	0	0	0	0	0	0	0	0	0	0	0	0	0	0	0	0	0	0	0	0	0	0	0	0	0	0	0	0	0	0	0	0	0	0	0	0	0	0	0	0	0	0	0	0	0	0	0	0	0	0	0	0	0	0	0	0	0	0	0	0	0	0	0	0	0	0	0	0	0	0	0	0	0	0	0	0	0	0	0	0	0	0	0	0	0
"IS3_insF"	0	0	0	0	0	0	0	0	0	0	1	0	0	0	0	0	0	0	0	0	0	0	0	0	0	0	0	0	0	0	0	0	0	0	0	0	0	0	0	0	0	0	0	0	0	0	0	0	0	0	0	0	0	0	0	0	0	0	0	0	0	0	0	0	0	0	0	0	0	0	0	0	0	0	0	0	0	0	0	0	0	0	0	0	0	0	0	0	0	0	0	0	0	0	0	0	0	0	0	0	0	0	0	0	0	0	0	0	0	0
"IS5_ESec3"	0	0	0	0	0.117708131230242	0	0	0	0	0	0	1	0	0	0	0	0	0	0	0	0	0	0	0	0	0	0	0	0	0	0	0	0	0	0	0	0	0	0	0	0	0	0	0	0	0	0	0	0	0	0	0	0	0	0	0	0	0	0	0	0	0	0	0.106422037975129	0	0.0739423605537584	0	0	0	0	0	0	0	0.0954244674914192	0	0	0	0	0	0	0	0	0	0	0	0	0	0	0	0	0	0	0	0	0	0	0	0	0	0	0	0	0	0	0	0	0	0	0	0
"actP"	0	0	0	0	0	0	0	0	0	0	0	0	1	0	0	0	0	0	0	0	0	0	0	0	0	0	0	0	0	0	0	0.125075494487155	0	0	0	0	0	0.0796141421471621	0	0	0	0	0	0	0	0	0	0.140470242139409	0	0	0	0	0	0	0	0	0	0	0	0	0	0	0	0	0	0	0	0	0	0	0	0	0	0	0.10014565701485	0	0	0	0	0	0	0	0	0	0	0	0	0	0	0	0	0	0	0	0	0	0	0	0	0	0	0	0.071724995150488	0	0	0	0	0	0	0
"aroK"	0	0	0	0	0	0	0	0	0	0	0	0	0	1	0	0	0	0	0	0	0	0	0	0	0	0	0	0	0	0	0	0	0	0	0	0	0	0	0	0	0	0	0	0	0	0	0	0	0	0	0	0	0	0	0	0	0	0	0	0	0	0	0	0	0	0	0	0	0	0	0	0	0	0	0	0	0	0	0	0	0	0	0	0	0	0	0	0	0	0	0	0	0	0	0	0	0	0	0	0	0	0	0	0	0	0	0	0	0	0
"atoC"	0	0	0	0	0	0	0	0	0	0	0	0	0	0	1	0	0	0	0	0	0	0	0	0	0	0	0	0	0	0	0	0	0	0	0	0	0	0	0	0	0	0	0	0	0	0	0	0	0	0	0	0	0	0	0	0	0	0	0	0	0	0	0	0	0	0	0	0	0	0	0	0	0	0	0	0	0	0	0	0	0	0	0	0	0	0	0	0	0	0	0	0	0	0	0	0	0	0	0	0	0	0	0	0	0	0	0	0	0	0
"cls"	0	0	0	0	0	0	0	0	0	0	0	0	0	0	0	1	0	0	0	0	0	0	0	0	0	0	0	0	0	0	0	0	0	0	0	0	0	0	0	0	0	0	0	0	0	0	0	0	0	0	0	0	0	0	0	0	0	0	0	0	0	0	0	0	0	0	0	0	0	0	0	0	0	0	0	0	0	0	0	0	0	0	0	0	0	0	0	0	0	0	0	0	0	0	0	0	0	0	0	0	0	0	0	0	0	0	0	0	0	0
"crp"	0	0	0	0	0	0	0	0	0.0761536703628996	0	0	0	0	0	0	0	1	0	0	0	0	0	0	0	0	0	0	0	0	0	0	0	0	0	0	0	0	0	0	0	0	0	0	0	0	0	0	0	0.111323962325587	0	0	0	0	0	0.12560319799313	0	0	0	0.0263009591748998	0	0	0	0	0	0	0	0	0	0.145656089552811	0	0	0	0	0	0	0	0	0	0	0	0	0	0	0	0	0	0	0	0	0	0	0	0	0	0	0	0	0	0.00617960842820317	0.13638985311344	0	0	0	0	0	0	0	0	0	0
"cysQ"	0	0	0	0	0	0	0	0	0	0	0	0	0	0	0	0	0	1	0	0	0	0	0	0	0	0	0	0	0	0	0	0	0	0	0	0	0	0	0	0	0	0	0	0	0	0	0	0	0	0	0	0	0	0	0	0	0	0	0	0	0	0	0	0	0	0	0	0	0	0	0	0	0	0	0	0	0	0	0	0	0	0	0	0	0	0	0	0	0	0	0	0	0	0	0	0	0	0	0	0	0	0	0	0	0	0	0	0	0	0
"dgt"	0	0	0	0	0	0	0	0	0	0	0	0	0	0	0	0	0	0	1	0	0	0	0	0	0	0	0	0	0	0	0	0	0	0	0	0	0	0	0	0	0	0	0	0	0	0	0	0	0	0	0	0	0	0	0	0	0	0	0	0	0	0	0	0	0	0	0	0	0	0	0	0	0	0	0	0	0	0	0	0	0	0	0	0	0	0	0	0	0	0	0	0	0	0	0	0	0	0	0	0	0	0	0	0	0	0	0	0	0	0
"dnaA"	0	0	0	0	0	0	0	0	0	0	0	0	0	0	0	0	0	0	0	1	0	0	0	0	0	0	0	0	0	0	0	0	0	0	0	0	0	0	0	0	0	0	0	0	0	0	0	0	0	0	0	0	0	0	0	0	0	0	0	0	0	0	0	0	0	0	0	0	0	0	0	0	0	0	0	0	0	0	0	0	0	0	0	0	0	0	0	0	0	0	0	0	0	0	0	0	0	0	0	0	0	0	0	0.0104205311549263	0	0.147594482002807	0	0	0	0
"dppD"	0	0	0	0	0	0	0	0	0	0	0	0	0	0	0	0	0	0	0	0	1	0	0	0	0	0	0	0	0	0	0	0	0	0	0	0	0	0	0	0	0	0	0	0	0	0	0	0	0	0	0	0	0	0	0	0	0	0	0	0	0	0	0	0	0	0	0	0	0	0	0	0	0	0	0	0	0	0	0	0	0	0	0	0	0	0	0	0	0	0	0	0	0	0	0	0	0	0	0	0	0	0	0	0	0	0	0	0	0	0
"dusB"	0	0	0	0	0	0	0	0	0	0	0	0	0	0	0	0	0	0	0	0	0	1	0	0	0	0	0	0	0	0	0	0	0	0	0	0	0	0	0	0	0	0	0	0	0	0	0	0	0	0	0	0	0	0	0	0	0	0	0	0	0	0	0	0	0	0	0	0	0	0	0	0	0	0	0	0	0	0	0	0	0	0	0	0	0	0	0	0	0	0	0	0	0	0	0	0	0	0	0	0	0	0	0	0	0	0	0	0	0	0
"eamA"	0	0	0	0	0	0	0	0	0	0	0	0	0	0	0	0	0	0	0	0	0	0	1	0	0	0	0	0	0	0	0	0	0	0	0	0	0	0	0	0	0	0	0	0	0	0	0	0	0	0	0	0.146411248048352	0	0	0	0	0	0	0	0	0	0	0	0	0	0	0	0	0	0	0	0	0	0	0	0	0	0	0	0	0	0	0	0	0	0	0	0	0	0	0	0	0.0318739823087635	0	0	0	0	0	0	0	0	0	0	0	0	0	0	0	0	0
"entF"	0	0	0	0	0	0	0.125581797632424	0	0.0810176450119435	0	0	0	0	0	0	0	0	0	0	0	0	0	0	1	0	0	0	0	0	0	0	0	0	0	0	0	0	0	0	0	0	0	0	0	0	0	0	0	0	0	0	0	0	0.0872960791042262	0	0	0	0	0	0	0	0	0	0	0	0	0	0	0	0	0	0	0	0	0	0	0	0	0	0	0	0	0	0	0	0	0	0	0	0.103030985811538	0	0	0	0	0	0	0	0	0	0	0	0	0	0	0	0	0	0	0	0
"eutJ"	0	0	0	0	0	0	0	0	0	0	0	0	0	0	0	0	0	0	0	0	0	0	0	0	1	0	0	0	0	0	0	0	0	0	0	0	0	0	0	0	0	0	0	0	0	0	0	0	0	0	0	0	0	0	0	0	0	0	0	0	0	0	0	0	0	0	0	0	0	0	0	0	0	0	0	0	0	0	0	0	0	0	0	0	0	0	0	0	0	0	0	0	0	0	0	0	0	0	0	0	0	0	0	0	0	0	0	0	0	0
"fbp"	0	0	0	0	0	0	0	0	0.112516573840601	0	0	0	0	0	0	0	0	0	0	0	0	0	0	0	0	1	0	0	0	0	0	0	0.017362996653196	0	0	0	0	0	0	0	0	0	0	0	0	0	0	0	0	0	0	0	0	0	0	0	0	0	0	0	0	0	0	0	0	0.107528827259391	0	0	0	0	0	0	0	0	0	0	0	0	0	0	0	0.0504200889092559	0	0	0	0	0	0	0	0	0	0	0	0	0	0	0	0	0	0	0	0	0	0	0	0	0	0	0	0
"fis"	0	0	0	0	0	0	0	0	0	0	0	0	0	0	0	0	0	0	0	0	0	0	0	0	0	0	1	0	0	0	0	0	0.0495344893513002	0	0	0	0	0	0	0	0	0	0	0	0	0.126383458689993	0	0	0	0	0	0	0	0	0	0	0	0	0	0	0	0	0.130628518950558	0	0	0	0	0	0	0	0	0	0	0	0	0	0	0	0	0	0	0	0	0	0	0	0	0	0	0	0	0	0	0	0	0	0	0	0	0	0	0	0	0	0	0	0	0	0	0
"flhA"	0	0	0	0	0	0	0	0	0	0	0	0	0	0	0	0	0	0	0	0	0	0	0	0	0	0	0	1	0	0	0	0	0	0	0	0	0	0	0	0	0	0	0	0	0	0	0	0	0	0	0	0	0	0	0	0	0	0	0	0	0	0	0	0	0	0	0	0	0	0	0	0	0	0	0	0	0	0	0	0	0	0	0	0	0	0	0	0	0	0	0	0	0	0	0	0	0	0	0	0	0	0	0	0	0	0	0	0	0	0
"frmB"	0	0	0	0	0	0	0	0	0	0	0	0	0	0	0	0	0	0	0	0	0	0	0	0	0	0	0	0	1	0	0	0	0	0	0	0	0	0	0	0	0	0	0	0	0	0	0	0	0	0	0	0	0	0	0	0	0	0	0	0	0	0	0	0	0	0	0	0	0	0	0	0	0	0	0	0	0	0	0	0	0	0	0	0	0	0	0	0	0	0	0	0	0	0	0	0	0	0	0	0	0	0	0	0	0	0	0	0	0	0
"fsr"	0	0	0	0	0	0	0	0	0	0	0	0	0	0	0	0	0	0	0	0	0	0	0	0	0	0	0	0	0	1	0	0	0	0	0	0	0	0	0	0	0	0	0	0	0	0	0	0	0	0	0	0	0	0	0	0	0	0	0	0	0	0	0	0	0	0	0	0	0	0	0	0	0	0	0	0	0	0	0	0	0	0	0	0	0	0	0	0	0	0	0	0	0	0	0	0	0	0	0	0	0	0	0	0	0	0	0	0	0	0
"gabD"	0	0	0	0	0	0	0	0	0	0	0	0	0	0	0	0	0	0	0	0	0	0	0	0	0	0	0	0	0	0	1	0	0	0	0	0	0	0	0	0	0	0	0	0	0	0	0	0	0	0	0	0	0	0	0	0	0	0	0	0	0	0	0	0	0	0	0	0	0	0	0	0	0	0	0	0	0	0	0	0	0	0	0	0	0	0	0	0	0	0	0	0	0	0	0	0	0	0	0	0	0	0	0	0	0	0	0	0	0	0
"glgC"	0	0	0	0	0	0	0	0	0	0	0	0	0.125075494487155	0	0	0	0	0	0	0	0	0	0	0	0	0	0	0	0	0	0	1	0	0	0	0	0	0	0	0	0	0	0	0	0	0	0	0	0	0	0	0	0	0	0	0	0	0	0	0	0	0	0	0	0.0176470301849286	0	0	0	0	0	0	0	0	0	0.129147619193379	0	0	0	0	0	0	0.091266962716434	0	0	0	0	0	0	0	0	0	0	0	0	0	0	0	0	0	0	0	0	0.129333893439955	0	0	0	0	0	0	0
"glgP"	0	0	0	0	0	0	0	0	0	0	0	0	0	0	0	0	0	0	0	0	0	0	0	0	0	0.017362996653196	0.0495344893513002	0	0	0	0	0	1	0.0168383588535691	0	0	0	0	0	0	0	0	0	0	0	0	0.00647031144925024	0	0	0	0	0	0	0	0.0619714315965563	0	0	0	0	-0.0399222233430553	0	0.0297721298992404	0	0	0	0.121547314700148	0.12764819502006	0	0	0	0	0	0	0	0	0	0	0	0	0	0	0.187597476026547	-0.0230046555407726	0	-0.0178494438903168	0	0	0	0	0	0	0	0	0	0.0268526007045958	0	0.0195745250763657	0	0	0	0	0	0	0	0	0	0	0	0	0
"glmM"	0	0	0	0	0	0	0	0	0	0	0	0	0	0	0	0	0	0	0	0	0	0	0	0	0	0	0	0	0	0	0	0	0.0168383588535691	1	0	0	0.0226235443403269	0	0	0	0	0	0	0	0	0	0	0	0	0	0	0	0	0	0	0	0	0	0	0	0	0	0	0	0	0	0.0793418108805038	0	0	0	0	0	0	0	0	0	0	0	0	0	0	0	0	0	0	0	0	0	0	0	0	0	0	0	0.12923408712256	0	0	0	0	0	0	0	0	0	0	0	0	0	0	0
"glmS"	0.10468477672828	0	0	0	0	0.134465421736647	0	0	0	0	0	0	0	0	0	0	0	0	0	0	0	0	0	0	0	0	0	0	0	0	0	0	0	0	1	0	0	0	0	0.0730667770044471	0	0	0	0	0	0	0	0	0	0	0	0	0	0	0	0	0	0.088922826247971	0	0	0	0	0	0	0	0	0	0	0	0	0	0	0	0	0	0	0	0	0	0	0	0	0	0	0.0328570806373644	0	0	0	0	0	0	0	0	0	0	0.0359056281380756	0	0	0	0	0	0	0	0	0	0	0	0	0	0
"glpE"	0	0	0	0	0	0	0	0	0	0	0	0	0	0	0	0	0	0	0	0	0	0	0	0	0	0	0	0	0	0	0	0	0	0	0	1	0	0	0	0	0	0	0	0	0	0	0	0	0	0	0	0	0	0	0	0	0	0	0	0	0	0	0	0	0	0	0	0	0	0	0	0	0	0	0	0	0	0	0	0	0	0	0	0	0	0	0	0	0	0	0	0	0	0	0	0	0	0	0	0	0	0	0	0	0	0	0	0	0	0
"glpF"	0	0	0	0	0	0.0881121715611708	0	0	0	0	0	0	0	0	0	0	0	0	0	0	0	0	0	0	0	0	0	0	0	0	0	0	0	0.0226235443403269	0	0	1	0	0	0	0	0	0	0	0	0	0	0	-0.0140963229363459	0	0	0	0	0	0	0	0	0.0114786454772606	0	0	0	0	0	0	0	0	0	0	0	0	0	0	0	0	0	0	0	0	0	0	0	0	0	0	0	0	0	0	0	0	0	0	0	0	0.0311673381716685	0	0	0	0	0	0	0	0	0	0	0	0	0	0	0
"glpR"	0	0	0	0	0	0	0	0	0	0	0	0	0.0796141421471621	0	0	0	0	0	0	0	0	0	0	0	0	0	0	0	0	0	0	0	0	0	0	0	0	1	0	0	0	0	0	0	0	0	0	0.110971184426108	0	0	0	0	0	0	0	0.0833784290498424	0	0	0	0	0	0	0	0	0	0	0	0	0	0	0	0	0	0	0	0	0	0	0	0	0	0	0	0	0	0	0	0	0	0	0	0	0	0	0	0	0	0	0	0	0	0	0	0	0	0	0	0	0	0
"glpT"	0	0	0	0	0	0	0	0	0	0	0	0	0	0	0	0	0	0	0	0	0	0	0	0	0	0	0	0	0	0	0	0	0	0	0	0	0	0	1	0	0	0.122651070463925	0	0	0	0	0	0	0.116983472770126	0	0.040468232340549	0	0	0	0	0	0	0	0.0182730849193313	0.152524323000926	0	0	0	0	0	0	0	0	0	0	0	0	0	0	0	0	0	0.00109322086912483	0	0	0	0	0.135685696271824	0	0.0263092855641603	0	0	0	0	0	0	0	0	0	0	0	0	0	0	0	0	0	0.0796139541354884	0	0	0	0	0	0	0
"hupB"	0	0	0	0	0	0.131588210563185	0	0	0	0	0	0	0	0	0	0	0	0	0	0	0	0	0	0	0	0	0	0	0	0	0	0	0	0	0.0730667770044471	0	0	0	0	1	0	0	0	0	0	0	0	0	0	0	0	0	0	0	0	0	0	0.0772048229917977	0	0	0	0	0	0	0	0	0	0	0	0	0	0	0	0	0	0	0	0	0	0	0	0	0	0	0	0	0	0	0	0	0	0	0	0	0	0.0391541859108018	0	0	0	0	0	0	0	0	0	0	0	0	0	0
"hycE"	0	0	0	0	0	0	0	0	0	0	0	0	0	0	0	0	0	0	0	0	0	0	0	0	0	0	0	0	0	0	0	0	0	0	0	0	0	0	0	0	1	0	0	0	0	0	0	0	0.00416149006599778	0	0	0	0	0	0	0	0	0	0	0	0	0	0	0	0	0	0	0	0	0	0	0	0	0	0	0	0	0	0	0	0	0	0	0	0	0	0	0	0	0	0	0	0	0	0	0	0	0	0	0	0	0	0	0	0	0	0	0	0	0
"hypE"	0	0	0	0	0	0	0	0	0	0	0	0	0	0	0	0	0	0	0	0	0	0	0	0	0	0	0	0	0	0	0	0	0	0	0	0	0	0	0.122651070463925	0	0	1	0	0	0	0	0	0	0	0	0	0	0	0	0	0	0	0	0	0.136572277244689	0	0	0	0	0	0	0	0	0	0	0	0	0	0	0	0	0	0	0	0	0	0	0	0	0.0712025226647026	0	0	0	0	0	0	0	0	0	0	0	0	0	0	0	0	0	0	0	0	0	0	0	0	0
"iclR"	0	0	0	0	0	0	0	0	-0.0713506378085276	0	0	0	0	0	0	0	0	0	0	0	0	0	0	0	0	0	0	0	0	0	0	0	0	0	0	0	0	0	0	0	0	0	1	0	0	0	0	0	-0.152510876434754	0	0	0	0	0	-0.111805707417912	0	0	0	-0.0369187209767414	0	0	0	0	0	0	0	0	0	0	0	0	0	0	0	0	0	0	0	0	0	0	-0.227715271079084	0	0	0	0	0	0	0	0	0	0	0	0	0	0	0	0	0	0	0	0	0	0	0	0	0	0	0	0
"ilvE"	0	0	0	0	0	0	0	0	0	0	0	0	0	0	0	0	0	0	0	0	0	0	0	0	0	0	0	0	0	0	0	0	0	0	0	0	0	0	0	0	0	0	0	1	0	0	0	0	0	0	0	0	0	0	0	0	0	0	0	0	0	0	0	0	0	0	0	0	0	0	0	0	0	0	0	0	0	0	0	0	0	0	0	0	0	0	0	0	0	0	0	0	0	0	0	0	0	0	0	0	0	0	0	0	0	0	0	0	0	0
"ilvL"	0	0	0	0	0	0	0	0	0	0	0	0	0	0	0	0	0	0	0	0	0	0	0	0	0	0	0	0	0	0	0	0	0	0	0	0	0	0	0	0	0	0	0	0	1	0	0	0	0	0	0	0	0	0	0	0	0	0	0	0	0	0	0	0	0	0	0	0	0	0	0	0	0	0	0	0	0	0	0	0	0	0	0	0	0	0	0	0	0	0	0	0	0	0	0	0	0	0	0	0	0	0	0	0	0	0	0	0	0	0
"infB"	0	0	0	0	0	0	0	0	0	0	0	0	0	0	0	0	0	0	0	0	0	0	0	0	0	0	0.126383458689993	0	0	0	0	0	0	0	0	0	0	0	0	0	0	0	0	0	0	1	0	0	-0.0102755434459332	0	0	0	0	0	0	0	0	0	0	0	0	0	0.0781564098001655	0	0	0	0	0	0	0	0	0	0	0	0	0	0	0	0	0	0	0	0	0	0	0	0.104293692312398	0	0	0	0	0	0	0	0	0	0	0	0	0	0	0	0	0	0	0	0	0	0	0
"ispH"	0	0	0	0	0	0	0	0	0	0	0	0	0	0	0	0	0	0	0	0	0	0	0	0	0	0	0	0	0	0	0	0	0.00647031144925024	0	0	0	0	0	0	0	0	0	0	0	0	0	1	0	0	0	0	0	0	0	0.160960033004722	0	0	0	0	0	0	0	0	0	0	0.0896124855158195	0.0663268053614266	0	0	0	0	0	0	0	0	0	0	0	0	0	0	0	0	0	0	0	0	0	0	0	0	0	0	0	0	0	0	0	0	0	0	0	0	0	0	0	0	0	0	0
"kpsD"	0	0	0.151132335320552	0	0	0	0	0	0	0	0	0	0.140470242139409	0	0	0	0	0	0	0	0	0	0	0	0	0	0	0	0	0	0	0	0	0	0	0	0	0.110971184426108	0	0	0	0	0	0	0	0	0	1	0	0	0	0	0	0	0	0	0	0	0.0389539569472021	0	0	0	0	0	0	0	0	0	0	0	0	0	0	0	0.116488346496371	0	0	0	0	0	0	0	0	0	0	0	0	0	0	0	0	0	0	0	0	0.053389160257036	0	0	0	0	0.0963216809999218	0	0	0.00265699741336612	0	0	0	0	0	0
"kpsE"	0	0	0	0	0	0	0	0	0.103645607974254	0	0	0	0	0	0	0	0.111323962325587	0	0	0	0	0	0	0	0	0	0	0	0	0	0	0	0	0	0	0	-0.0140963229363459	0	0.116983472770126	0	0.00416149006599778	0	-0.152510876434754	0	0	-0.0102755434459332	0	0	1	0	0.0772690480258751	0	0	0	0.131286531309103	0	0	0	0.242179776038384	0	0	0	0	0	0	0	0	0	0	0	0	0	0	0	0	0	-0.133681280491749	0.0451935023687606	0	0	0	0	0.122362077883191	0	0	0	0	0	0	0	0	0	0	0	0	0	0	0	0	0	0	0	0.117491776650914	0	0	0	0	0	0	0
"kpsM"	0	0	0	0	0	0	0	0	0	0	0	0	0	0	0	0	0	0	0	0	0	0	0	0	0	0	0	0	0	0	0	0	0	0	0	0	0	0	0	0	0	0	0	0	0	0	0	0	0	1	0	0	0	0	0	0	0.108174001652071	0	0	0.0964040171999292	0	0	0	0	0	0	0	0	0	0	0	0	0	0	0	0	0	0	0	0	0	0	0.0983202666410711	0	0	0	0.0723719516606204	0	0	0	0	0	0	0	0	0	0	0	0	0	0	0.0903225765099076	0	0	0	0	0	0	0	0
"lptB"	0	0	0	0	0	0	0	0	0	0	0	0	0	0	0	0	0	0	0	0	0	0	0	0	0	0	0	0	0	0	0	0	0	0	0	0	0	0	0.040468232340549	0	0	0	0	0	0	0	0	0	0.0772690480258751	0	1	0	0	0	0	0	0	0	0	0	0	0	0	0	0	0	0	0	0	0	0	0	0	0	0	0	0	0	0	0	0	0	0.0679622951656049	0	0	0	0	0	0	0	0	0	0	0	0	0	0	0	0	0	0	0	0.020089874613864	0	0	0	0	0	0	0
"lsrG"	0	0	0	0	0	0	0	0	0	0	0	0	0	0	0	0	0	0	0	0	0	0	0.146411248048352	0	0	0	0	0	0	0	0	0	0	0	0	0	0	0	0	0	0	0	0	0	0	0	0	0	0	0	0	1	0	0	0	0	0	0	0	0	0	0	0	0	0	0	0	0	0	0	0	0	0	0	0	0	0	0	0	0	0	0	0	0	0	0	0	0	0	0	0	0	0	0	0	0	0	0	0	0	0	0	0	0	0	0	0	0	0	0
"manX"	0	0	0	0	0	0	0	0	0	0	0	0	0	0	0	0	0	0	0	0	0	0	0	0	0	0	0	0	0	0	0	0	0	0	0	0	0	0	0	0	0	0	0	0	0	0	0	0	0	0	0	0	1	0	0	0	0	0	0	0	0	0	0	0	0	0	0	0	0	0	0	0	4.05489427725965e-05	0	0	0	0	0	0	0	0	0	0	0	0	0	0	0	0	0	0	0	0	0	0	0	0.0721717981389093	0	0	0	0	0	0	0	0	0	0	0	0	0
"mdoH"	0	0	0	0	0	0	0.126379988465485	0	0.0823822154058404	0	0	0	0	0	0	0	0	0	0	0	0	0	0	0.0872960791042262	0	0	0	0	0	0	0	0	0	0	0	0	0	0	0	0	0	0	0	0	0	0	0	0	0	0	0	0	0	1	0	0	0	0	0	0	0	0	0	0	0	0	0	0	0	0	0	0	0	0	0	0	0	0	0	0	0	0	0	0	0	0	0	0	0	0.104126004827916	0	0	0	0	0	0	0	0	0	0	0	0	0	0	0	0	0	0	0	0
"metA"	0	0	0	0	0	0	0	0	0.136773916058361	0	0	0	0	0	0	0	0.12560319799313	0	0	0	0	0	0	0	0	0	0	0	0	0	0	0	0.0619714315965563	0	0	0	0	0	0	0	0	0	-0.111805707417912	0	0	0	0.160960033004722	0	0.131286531309103	0	0	0	0	0	1	0	0	0	0.0662598531451026	0	0	0	0	0	0	0.128556124168411	0.117550229218685	0	0	0	0	0	0	0	0	0	-0.0324537183739604	0	0	0	0	0	0	0	-0.0378205931580249	0	0	0	0	0	0	0	0	0	0	0	0	0	0.0391927140795679	0	0	0	0	0	0	0	0	0	0	0
"metH"	0	0	0	0	0	0	0	0	0	0	0	0	0	0	0	0	0	0	0	0	0	0	0	0	0	0	0	0	0	0	0	0	0	0	0	0	0	0.0833784290498424	0	0	0	0	0	0	0	0	0	0	0	0	0	0	0	0	0	1	0	0	0	0	0	0	0	0	0	0	0	0	0	0	0	0	0	0	0	0	0	0	0	0	0	0	0	0	0	0	0	0	0	0	0	0	0	0	0	0	0	0	0	0	0	0	0	0	0	0	0	0	0	0
"metW"	0	0	0	0	0	0	0	0	0	0	0	0	0	0	0	0	0	0	0	0	0	0	0	0	0	0	0	0	0	0	0	0	0	0	0	0	0	0	0	0	0	0	0	0	0	0	0	0	0	0.108174001652071	0	0	0	0	0	0	1	0	0	0.117661650618795	0	0	0	0	0	0	0	0	0	0	0	0	0	0	0	0	0	0	0	0	0	0	0.11902099423574	0	0	0	0.101297190998328	0	0	0	0	0	0	0	0	0	0	0	0	0	0	0.115212391503188	0	0	0	0	0	0	0	0
"mraZ"	0	0	0	0	0	0.139375252166667	0	0	0	0	0	0	0	0	0	0	0	0	0	0	0	0	0	0	0	0	0	0	0	0	0	0	0	0	0.088922826247971	0	0.0114786454772606	0	0	0.0772048229917977	0	0	0	0	0	0	0	0	0	0	0	0	0	0	0	0	0	1	0	0	0	0	0	0	0	0	0	0	0	0	0	0	0	0	0	0	0	0	0	0	0	0	0	0	0	0	0	0	0	0	0	0	0	0	0	0.0589952479613124	0	0	0	0	0	0	0	0	0	0	0	0	0	0
"mrdA"	0	0	0.120799934682141	0	0	0	0	0	0	0	0	0	0	0	0	0	0.0263009591748998	0	0	0	0	0	0	0	0	0	0	0	0	0	0	0	0	0	0	0	0	0	0.0182730849193313	0	0	0	-0.0369187209767414	0	0	0	0	0.0389539569472021	0.242179776038384	0	0	0	0	0	0.0662598531451026	0	0	0	1	0	0	0	0	0	0	0	0	0	0	0	0	0	0.0149969467226913	0	0.0415478289636106	0	-0.00369262689889749	0	0	0	0	0	0.037251197719262	0	0	0	0	0	0	0	0	0	0	0	0	0	0.0772381714373272	0	0	0	0.0308630244419084	0	0.0340722846900405	0	0	0	0	0	0	0
"mrdB"	0	0	0	0	0	0	0	0	0	0	0	0	0	0	0	0	0	0	0	0	0	0	0	0	0	0	0	0	0	0	0	0	-0.0399222233430553	0	0	0	0	0	0.152524323000926	0	0	0.136572277244689	0	0	0	0	0	0	0	0.0964040171999292	0	0	0	0	0	0	0.117661650618795	0	0	1	0	0	0	0	0	-0.000479760027138874	0	0	0	0	0	0	0	0	0	0	0	0	0	0	0	0	0.126683852872175	0	0.0598619381234987	0	0.0795713328052948	0	0	0	0	0	0	0	0	0	0	0	0	0	0	0.104331260370077	0	0	0	0	0	0	0	0
"mreB"	0	0	0	0	0	0	0	0	0	0	0	0	0	0	0	0	0	0	0	0	0	0	0	0	0	0	0	0	0	0	0	0	0	0	0	0	0	0	0	0	0	0	0	0	0	0	0	0	0	0	0	0	0	0	0	0	0	0	0	0	1	0	0	0	0	0	0	0	0	0	0	0	0	0	0	0	0	0	0	0	0	0	0	0	0	0	0	0	0	0	0	0	0	0	0	0	0	0	0	0	0	0	0	0	0	0	0	0	0	0
"mreC"	0	0	0	0	0	0	0	0	0	0	0	0	0	0	0	0	0	0	0	0	0	0	0	0	0	0	0	0	0	0	0	0	0.0297721298992404	0	0	0	0	0	0	0	0	0	0	0	0	0	0	0	0	0	0	0	0	0	0	0	0	0	0	0	0	1	0	0	0	0	0	0	0	0	0	0	0	0	0	0	0	0	0	0	0	0.0653959457106674	0	0	0	0	0	0	0	0	0	0	0	0	0	0	0	0	0	0	0	0	0	0	0	0	0	0	0	0
"mreD"	0	0	0	0.12248414128941	0	0	0	0	0	0	0	0	0	0	0	0	0	0	0	0	0	0	0	0	0	0	0.130628518950558	0	0	0	0	0	0	0	0	0	0	0	0	0	0	0	0	0	0	0.0781564098001655	0	0	0	0	0	0	0	0	0	0	0	0	0	0	0	0	1	0	0	0	0	0	0	0	0	0	0	0	0	0	0	0	0	0	0	0.00974523323958379	0	0	0.0397910710437383	0	0	0	0	0	0	0	0	0	0	0	0	0	0	0	0	0	0	0	0	0	0	0	0	0
"nagD"	0	0	0	0	0.13394589893639	0	0	0	0	0	0	0.106422037975129	0	0	0	0	0	0	0	0	0	0	0	0	0	0	0	0	0	0	0	0	0	0	0	0	0	0	0	0	0	0	0	0	0	0	0	0	0	0	0	0	0	0	0	0	0	0	0	0	0	0	0	1	0	0.0993964809439136	0	0	0	0	0	0	0	0.116844682491094	0	0	0	0	0	0	0	0	0	0	0	0	0	0	0	0	0	0	0	0	0	0	0	0	0	0	0	0	0	0	0	0	0	0	0	0
"nrdR"	0	0	0	0	0	0	0	0	0	0	0	0	0	0	0	0	0	0	0	0	0	0	0	0	0	0	0	0	0	0	0	0.0176470301849286	0	0	0	0	0	0	0	0	0	0	0	0	0	0	0	0	0	0	0	0	0	0	0	0	0	0	0	0	0	0	0	0	1	0	0	0	0	0	0	0	0	0	0	0	0	0	0	0	0	0	0	0	0	0	0	0	0	0	0	0	0	0	0	0	0	0	0	0	0	0	0	0	0	0	0	0	0	0
"nusA"	0	0	0	0	0.11104701048471	0	0	0	0.0810380727057788	0	0	0.0739423605537584	0	0	0	0	0	0	0	0	0	0	0	0	0	0.107528827259391	0	0	0	0	0	0	0.121547314700148	0	0	0	0	0	0	0	0	0	0	0	0	0	0.0896124855158195	0	0	0	0	0	0	0	0.128556124168411	0	0	0	0	-0.000479760027138874	0	0	0	0.0993964809439136	0	1	0.0399948346363138	0	0	0	0	0	0	0.0881147274054296	0	0	0	0	0	0	0	0	0	0	-0.00055744877765351	0	0	0	0	0	0	0	0	0	0	0	0	0	0	0	0	0	0	0	0	0	0	0	0	0
"ompR"	0	0	0	0	0	0	0	0	0	0	0	0	0	0	0	0	0	0	0	0	0	0	0	0	0	0	0	0	0	0	0	0	0.12764819502006	0.0793418108805038	0	0	0	0	0	0	0	0	0	0	0	0	0.0663268053614266	0	0	0	0	0	0	0	0.117550229218685	0	0	0	0	0	0	0	0	0	0	0.0399948346363138	1	0	0	0	0	0	0	0	0	0	0	0	0	0	0	0	0	0	0	0	0	0	0	0	0	0	0	0	0.0866664142200874	0	0	0	0	0	0	0	0	0	0	0	0	0	0	0
"orn"	0	0	0	0	0	0	0	0	0	0	0	0	0	0	0	0	0	0	0	0	0	0	0	0	0	0	0	0	0	0	0	0	0	0	0	0	0	0	0	0	0	0	0	0	0	0	0	0	0	0	0	0	0	0	0	0	0	0	0	0	0	0	0	0	0	0	0	1	0	0	0	0	0	0	0	0.175073933049079	0	0	0	0	0	0	0	0	0	0	0	0	0	0	0	0	0	0	0	0	0	0	0	0	0	0	0	0	0	0	0	0	0	0
"pitB"	0	0	0	0	0	0	0	0	0	0	0	0	0	0	0	0	0.145656089552811	0	0	0	0	0	0	0	0	0	0	0	0	0	0	0	0	0	0	0	0	0	0	0	0	0	0	0	0	0	0	0	0	0	0	0	0	0	0	0	0	0	0	0	0	0	0	0	0	0	0	0	1	0	0	0	0	0	0	0	0	0	0	0	0	0	0	0	0	0	0	0	0	0	0	0	0	0	0	0	0	0	0	0.157273139084019	0	0	0	0	0	0	0	0	0	0
"poxA"	0	0	0	0	0	0	0	0	0	0	0	0	0	0	0	0	0	0	0	0	0	0	0	0	0	0	0	0	0	0	0	0	0	0	0	0	0	0	0	0	0	0	0	0	0	0	0	0	0	0	0	0	0	0	0	0	0	0	0	0	0	0	0	0	0	0	0	0	0	1	0	0	0	0	0	0	0	0	0	0	0	0	0	0	0	0	0	0	0	0	0	0	0	0	0	0	0	0	0	0	0	0	0	0	0	0	0	0	0	0
"ppiA"	0	0	0	0	0	0	0	0	0	0	0	0	0	0	0	0	0	0	0	0	0	0	0	0	0	0	0	0	0	0	0	0	0	0	0	0	0	0	0	0	0	0	0	0	0	0	0	0	0	0	0	0	0	0	0	0	0	0	0	0	0	0	0	0	0	0	0	0	0	0	1	0	0	0	0	0	0	0	0	0	0	0	0	0	0	0	0	0	0	0	0	0	0	0	0	0	0	0	0	0	0	0	0	0	0	0	0	0	0	0
"prfA"	0	0	0	0	0	0	0	0	0	0	0	0	0	0	0	0	0	0	0	0	0	0	0	0	0	0	0	0	0	0	0	0	0	0	0	0	0	0	0	0	0	0	0	0	0	0	0	0	0	0	0	0	0	0	0	0	0	0	0	0	0	0	0	0	0	0	0	0	0	0	0	1	0	0	0	0	0	0	0	0	0	0	0	0	0	0	0	0	0	0	0	0	0	0	0	0	0	0	0	0	0	0	0	0	0	0	0	0	0	0
"proW"	0	0	0	0	0	0	0	0	0	0	0	0	0	0	0	0	0	0	0	0	0	0	0	0	0	0	0	0	0	0	0	0	0	0	0	0	0	0	0	0	0	0	0	0	0	0	0	0	0	0	0	0	4.05489427725965e-05	0	0	0	0	0	0.0149969467226913	0	0	0	0	0	0	0	0	0	0	0	0	0	1	0	0	0	0	0	0	0	0	0	0	0	0	0	0	0	0	0	0	0	0	0	0	0	0.089391032382096	0	0	0	0	0	0	0	0	0	0	0	0	0
"puuP"	0	0	0	0	0.1266832105024	0	0	0	0	0	0	0.0954244674914192	0	0	0	0	0	0	0	0	0	0	0	0	0	0	0	0	0	0	0	0	0	0	0	0	0	0	0	0	0	0	0	0	0	0	0	0	0	0	0	0	0	0	0	0	0	0	0	0	0	0	0	0.116844682491094	0	0.0881147274054296	0	0	0	0	0	0	0	1	0	0	0	0	0	0	0	0	0	0	0	0	0	0	0	0	0	0	0	0	0	0	0	0	0	0	0	0	0	0	0	0	0	0	0	0
"rep"	0	0	0.13973940265324	0	0	0	0	0	0	0	0	0	0.10014565701485	0	0	0	0	0	0	0	0	0	0	0	0	0	0	0	0	0	0	0.129147619193379	0	0	0	0	0	0	0	0	0	0	0	0	0	0	0	0.116488346496371	0	0	0	0	0	0	0	0	0	0	0.0415478289636106	0	0	0	0	0	0	0	0	0	0	0	0	0	0	0	1	0	0	0	0	0	0	0	0	0	0	0	0	0	0	0	0	0	0	0	0	0.0344864236570644	0	0	0	0	0.0762736975066987	0	0.0907458191362041	0	0	0	0	0	0	0
"rhlB"	0	0	0	0	0	0	0	0	0	0	0	0	0	0	0	0	0	0	0	0	0	0	0	0	0	0	0	0	0	0	0	0	0	0	0	0	0	0	0	0	0	0	0	0	0	0	0	0	0	0	0	0	0	0	0	0	0	0	0	0	0	0	0	0	0	0	0	0.175073933049079	0	0	0	0	0	0	0	1	0	0	0	0	0	0	0	0	0	0	0	0	0	0	0	0	0	0	0	0	0	0	0	0	0	0	0	0	0	0	0	0	0	0
"rho"	0	0	0	0	0	0	0	0	-0.00652370690276742	0	0	0	0	0	0	0	0	0	0	0	0	0	0	0	0	0	0	0	0	0	0	0	0	0	0	0	0	0	0	0	0	0	0	0	0	0	0	0	-0.133681280491749	0	0	0	0	0	-0.0324537183739604	0	0	0	-0.00369262689889749	0	0	0	0	0	0	0	0	0	0	0	0	0	0	0	0	0	1	0	0	0	0	0	0	0	0	0	0	0	0	0	0	0	0	0	0	0	0	0	0	0	0	0	0	0	0	0	0	0	0	0
"rhsA"	0	0	0	0	0	0	0	0	0	0	0	0	0	0	0	0	0	0	0	0	0	0	0	0	0	0	0	0	0	0	0	0	0	0	0	0	0	0	0.00109322086912483	0	0	0	0	0	0	0	0	0	0.0451935023687606	0	0	0	0	0	0	0	0	0	0	0	0	0	0	0	0	0	0	0	0	0	0	0	0	0	0	0	0	1	0	0	0	0	0.0338668209615859	0	0	0	0	0	0	0	0	0	0	0	0	0	0	0	0	0	0	0	0	0	0	0	0	0	0	0
"rmlB"	0	0	0	0	0	0	0	0.129366901017771	0	0	0	0	0	0	0	0	0	0	0	0	0	0	0	0	0	0	0	0	0	0	0	0	0	0	0	0	0	0	0	0	0	0	0	0	0	0	0	0	0	0	0	0	0	0	0	0	0	0	0	0	0	0	0	0	0	0	0	0	0	0	0	0	0	0	0	0	0	0	1	0	0	0.063131755146234	0	0	0	0	0	0	0	0	0	0	0	0	0	0.0890369609380711	0	0	0	0	0	0	0	0	0	0	0	0	0	0
"rnc"	0	0	0	0	0	0	0	0	0	0	0	0	0	0	0	0	0	0	0	0	0	0	0	0	0	0	0	0	0	0	0	0	0	0	0	0	0	0	0	0	0	0	0	0	0	0	0	0	0	0	0	0	0	0	0	0	0	0	0	0	0	0	0	0	0	0	0	0	0	0	0	0	0	0	0	0	0	0	0	1	0	0	0	0	0	0	0	0	0	0	0	0	0	0	0	0	0	0	0	0	0	0	0	0	0	0	0	0	0	0
"rpoB"	0	0	0	0	0	0	0	0	0	0	0	0	0	0	0	0	0	0	0	0	0	0	0	0	0	0	0	0	0	0	0	0	0	0	0	0	0	0	0	0	0	0	0	0	0	0	0	0	0	0	0	0	0	0	0	0	0	0	0	0	0	0	0	0	0	0	0	0	0	0	0	0	0	0	0	0	0	0	0	0	1	0	0	0	0	0	0	0	0	0	0	0	0	0	0	0	0	0	0	0	0	0	0	0	0	0	0	0	0	0
"rpoC"	0	0	0	0.05880682965316	0	0	0	0.0585418278771858	0	0	0	0	0	0	0	0	0	0	0	0	0	0	0	0	0	0.0504200889092559	0	0	0	0	0	0.091266962716434	0.187597476026547	0	0	0	0	0	0	0	0	0	-0.227715271079084	0	0	0	0	0	0	0	0	0	0	0	0	0	0	0	0	0	0	0.0653959457106674	0.00974523323958379	0	0	0	0	0	0	0	0	0	0	0	0	0	0	0	0.063131755146234	0	0	1	0	0	0	0	0	0	0	0	0	0	0	0	0	0	0	0	0	0	0	0	0	0	0	0	0	0	0	0
"rpoD"	0	0	0	0	0	0	0	0	0	0	0	0	0	0	0	0	0	0	0	0	0	0	0	0	0	0	0	0	0	0	0	0	-0.0230046555407726	0	0	0	0	0	0.135685696271824	0	0	0	0	0	0	0	0	0	0.122362077883191	0.0983202666410711	0.0679622951656049	0	0	0	0	0	0.11902099423574	0	0.037251197719262	0.126683852872175	0	0	0	0	0	0	0	0	0	0	0	0	0	0	0	0	0	0.0338668209615859	0	0	0	0	1	0	0	0	0.0736604131342417	0	0	0	0	0	0	0	0	0	0	0	0	0	0	0.106026963316205	0.0960008292498026	0	0	0	0	0	0	0
"rpsA"	0	0	0	0	0	0	0	0	0	0	0	0	0	0	0	0	0	0	0	0	0	0	0	0	0	0	0	0	0	0	0	0	0	0	0	0	0	0	0	0	0	0	0	0	0	0	0	0	0	0	0	0	0	0	0	0	0	0	0	0	0	0	0	0	0	0	0	0	0	0	0	0	0	0	0	0	0	0	0	0	0	0	0	1	0	0	0	0	0	0	0	0	0	0	0	0	0	0	0	0	0	0	0	0	0	0	0	0	0	0
"rssB"	0.0515642498245174	0	0	0.0759660588540579	0	0	0	0	0	0	0	0	0	0	0	0	0	0	0	0	0	0	0	0	0	0	0	0	0	0	0	0	-0.0178494438903168	0	0.0328570806373644	0	0	0	0.0263092855641603	0	0	0.0712025226647026	0	0	0	0	0	0	0	0	0	0	0	0	-0.0378205931580249	0	0	0	0	0.0598619381234987	0	0	0.0397910710437383	0	0	-0.00055744877765351	0	0	0	0	0	0	0	0	0	0	0	0	0	0	0	0	0	0	1	0	0	0	0	0	0	0	0	0.0920303318339534	0	0	0	0	0	0	0	0	0	0	0	0	0	0	0	0
"sbmA"	0	0	0	0	0	0	0	0	0	0	0	0	0	0	0	0	0	0	0	0	0	0	0	0	0	0	0	0	0	0	0	0	0	0	0	0	0	0	0	0	0	0	0	0	0	0	0	0	0	0	0	0	0	0	0	0	0	0	0	0	0	0	0	0	0	0	0	0	0	0	0	0	0	0	0	0	0	0	0	0	0	0	0	0	0	1	0	0	0	0	0	0	0	0	0	0	0	0	0	0	0	0	0	0	0	0	0	0	0	0
"secF"	0	0	0	0	0	0	0	0	0	0	0	0	0	0	0	0	0	0	0	0	0	0	0	0	0	0	0	0	0	0	0	0	0	0	0	0	0	0	0	0	0	0	0	0	0	0.104293692312398	0	0	0	0.0723719516606204	0	0	0	0	0	0	0.101297190998328	0	0	0.0795713328052948	0	0	0	0	0	0	0	0	0	0	0	0	0	0	0	0	0	0	0	0	0	0	0.0736604131342417	0	0	0	1	0	0	0	0	0	0	0	0	0	0	0	0	0	0	0.0833722746385584	0	0	0	0	0	0	0	0
"speB"	0	0	0	0	0	0	0	0	0	0	0	0	0	0	0	0	0	0	0	0	0	0	0	0	0	0	0	0	0	0	0	0	0	0	0	0	0	0	0	0	0	0	0	0	0	0	0	0	0	0	0	0	0	0	0	0	0	0	0	0	0	0	0	0	0	0	0	0	0	0	0	0	0	0	0	0	0	0	0	0	0	0	0	0	0	0	0	1	0	0	0	0	0	0	0	0	0	0	0	0	0	0	0	0	0	0	0	0	0	0
"tap"	0	0	0	0	0	0	0	0	0	0	0	0	0	0	0	0	0	0	0	0	0	0	0	0	0	0	0	0	0	0	0	0	0	0	0	0	0	0	0	0	0	0	0	0	0	0	0	0	0	0	0	0	0	0	0	0	0	0	0	0	0	0	0	0	0	0	0	0	0	0	0	0	0	0	0	0	0	0	0	0	0	0	0	0	0	0	0	0	1	0	0	0	0	0	0	0	0	0	0	0	0	0	0	0	0	0	0	0	0	0
"thrA"	0	0	0	0	0	0	0.135885712190781	0	0.0984296410832216	0	0	0	0	0	0	0	0	0	0	0	0	0	0	0.103030985811538	0	0	0	0	0	0	0	0	0	0	0	0	0	0	0	0	0	0	0	0	0	0	0	0	0	0	0	0	0	0.104126004827916	0	0	0	0	0	0	0	0	0	0	0	0	0	0	0	0	0	0	0	0	0	0	0	0	0	0	0	0	0	0	0	0	0	0	0	1	0	0	0	0	0	0	0	0	0	0	0	0	0	0	0	0	0	0	0	0
"tktB"	0	0	0	0	0	0	0	0	0	0	0	0	0	0	0	0	0	0	0	0	0	0	0	0	0	0	0	0	0	0	0	0	0	0	0	0	0	0	0	0	0	0	0	0	0	0	0	0	0	0	0	0	0	0	0	0	0	0	0	0	0	0	0	0	0	0	0	0	0	0	0	0	0	0	0	0	0	0	0	0	0	0	0	0	0	0	0	0	0	0	1	0	0	0	0	0	0	0	0	0	0	0	0	0	0	0	0	0	0	0
"tldD"	0	0	0	0	0	0	0	0	0	0	0	0	0	0	0	0	0	0	0	0	0	0	0	0	0	0	0	0	0	0	0	0	0	0	0	0	0	0	0	0	0	0	0	0	0	0	0	0	0	0	0	0	0	0	0	0	0	0	0	0	0	0	0	0	0	0	0	0	0	0	0	0	0	0	0	0	0	0	0	0	0	0	0	0	0	0	0	0	0	0	0	1	0	0	0	0	0	0	0	0	0	0	0	0	0	0	0	0	0	0
"topA"	0	0	0	0	0	0	0	0	0	0	0	0	0	0	0	0	0	0	0	0	0	0	0.0318739823087635	0	0	0	0	0	0	0	0	0	0	0	0	0	0	0	0	0	0	0	0	0	0	0	0	0	0	0	0	0	0	0	0	0	0	0	0	0	0	0	0	0	0	0	0	0	0	0	0	0	0	0	0	0	0	0	0	0	0	0	0	0	0	0	0	0	0	0	0	0	1	0	0	0	0	0	0	0	0	0	0	0	0	0	0	0	0	0
"torS"	0	0	0	0	0	0	0	0	0	0	0	0	0	0	0	0	0	0	0	0	0	0	0	0	0	0	0	0	0	0	0	0	0	0	0	0	0	0	0	0	0	0	0	0	0	0	0	0	0	0	0	0	0	0	0	0	0	0	0	0	0	0	0	0	0	0	0	0	0	0	0	0	0	0	0	0	0	0	0	0	0	0	0	0	0.0920303318339534	0	0	0	0	0	0	0	0	1	0	0	0	0	0	0	0	0	0	0	0	0	0	0	0	0
"truB"	0	0	0	0	0	0	0	0	0	0	0	0	0	0	0	0	0	0	0	0	0	0	0	0	0	0	0	0	0	0	0	0	0.0268526007045958	0.12923408712256	0	0	0.0311673381716685	0	0	0	0	0	0	0	0	0	0	0	0	0	0	0	0	0	0	0	0	0	0	0	0	0	0	0	0	0	0.0866664142200874	0	0	0	0	0	0	0	0	0	0	0	0	0	0	0	0	0	0	0	0	0	0	0	0	0	0	0	1	0	0	0	0	0	0	0	0	0	0	0	0	0	0	0
"uspA"	0	0	0.124605720106628	0	0	0.1138572490666	0	0.0855259745139505	0	0	0	0	0	0	0	0	0	0	0	0	0	0	0	0	0	0	0	0	0	0	0	0	0	0	0.0359056281380756	0	0	0	0	0.0391541859108018	0	0	0	0	0	0	0	0.053389160257036	0	0	0	0	0	0	0	0	0	0.0589952479613124	0	0	0	0	0	0	0	0	0	0	0	0	0	0	0	0	0.0344864236570644	0	0	0	0.0890369609380711	0	0	0	0	0	0	0	0	0	0	0	0	0	0	0	0	1	0	0	0	0	0.0435430806826829	0	0	0	0	0	0	0	0	0
"uvrD"	0	0	0	0	0	0	0	0	0	0	0	0	0	0	0	0	0	0	0	0	0	0	0	0	0	0	0	0	0	0	0	0	0.0195745250763657	0	0	0	0	0	0	0	0	0	0	0	0	0	0	0	0	0	0	0	0.0721717981389093	0	0	0	0	0	0.0772381714373272	0	0	0	0	0	0	0	0	0	0	0	0	0	0.089391032382096	0	0	0	0	0	0	0	0	0	0	0	0	0	0	0	0	0	0	0	0	0	0	0	1	0	0	0	0	0	0	0	0	0	0	0	0	0
"wzyE"	0	0	0	0	0	0	0	0	0	0	0	0	0	0	0	0	0	0	0	0	0	0	0	0	0	0	0	0	0	0	0	0	0	0	0	0	0	0	0	0	0	0	0	0	0	0	0	0	0	0	0	0	0	0	0	0	0	0	0	0	0	0	0	0	0	0	0	0	0	0	0	0	0	0	0	0	0	0	0	0	0	0	0	0	0	0	0	0	0	0	0	0	0	0	0	0	0	1	0	0	0	0	0	0	0	0	0	0	0	0
"ybaL"	0	0	0	0	0	0	0	0	0	0	0	0	0	0	0	0	0.00617960842820317	0	0	0	0	0	0	0	0	0	0	0	0	0	0	0	0	0	0	0	0	0	0	0	0	0	0	0	0	0	0	0	0	0	0	0	0	0	0.0391927140795679	0	0	0	0	0	0	0	0	0	0	0	0	0	0	0	0	0	0	0	0	0	0	0	0	0	0	0	0	0	0	0	0	0	0	0	0	0	0	0	0	0	0	0	1	0	0	0	0	0	0	0	0	0	0	0
"ybbN"	0	0	0	0	0	0	0	0	0	0	0	0	0	0	0	0	0.13638985311344	0	0	0	0	0	0	0	0	0	0	0	0	0	0	0	0	0	0	0	0	0	0	0	0	0	0	0	0	0	0	0	0	0	0	0	0	0	0	0	0	0	0	0	0	0	0	0	0	0	0	0	0.157273139084019	0	0	0	0	0	0	0	0	0	0	0	0	0	0	0	0	0	0	0	0	0	0	0	0	0	0	0	0	0	0	1	0	0	0	0	0	0	0	0	0	0
"ybfA"	0	0	0.14233032443063	0	0	0	0	0	0	0	0	0	0	0	0	0	0	0	0	0	0	0	0	0	0	0	0	0	0	0	0	0	0	0	0	0	0	0	0	0	0	0	0	0	0	0	0	0.0963216809999218	0	0	0	0	0	0	0	0	0	0	0.0308630244419084	0	0	0	0	0	0	0	0	0	0	0	0	0	0	0	0.0762736975066987	0	0	0	0	0	0	0	0	0	0	0	0	0	0	0	0	0	0	0	0	0.0435430806826829	0	0	0	0	1	0	0	0	0	0	0	0	0	0
"ydaE"	0	0	0	0	0	0	0	0	0	0	0	0	0	0	0	0	0	0	0	0	0	0	0	0	0	0	0	0	0	0	0	0	0	0	0	0	0	0	0	0	0	0	0	0	0	0	0	0	0	0.0903225765099076	0	0	0	0	0	0	0.115212391503188	0	0	0.104331260370077	0	0	0	0	0	0	0	0	0	0	0	0	0	0	0	0	0	0	0	0	0	0	0.106026963316205	0	0	0	0.0833722746385584	0	0	0	0	0	0	0	0	0	0	0	0	0	0	1	0	0	0	0	0	0	0	0
"yehU"	0	0	0	0	0	0	0	0	0	0	0	0	0.071724995150488	0	0	0	0	0	0	0	0	0	0	0	0	0	0	0	0	0	0	0.129333893439955	0	0	0	0	0	0	0.0796139541354884	0	0	0	0	0	0	0	0	0	0.117491776650914	0	0.020089874613864	0	0	0	0	0	0	0	0.0340722846900405	0	0	0	0	0	0	0	0	0	0	0	0	0	0	0	0.0907458191362041	0	0	0	0	0	0	0	0.0960008292498026	0	0	0	0	0	0	0	0	0	0	0	0	0	0	0	0	0	0	0	1	0	0	0	0	0	0	0
"yfgA"	0	0	0	0	0	0	0	0	0	0	0	0	0	0	0	0	0	0	0	0.0104205311549263	0	0	0	0	0	0	0	0	0	0	0	0	0	0	0	0	0	0	0	0	0	0	0	0	0	0	0	0.00265699741336612	0	0	0	0	0	0	0	0	0	0	0	0	0	0	0	0	0	0	0	0	0	0	0	0	0	0	0	0	0	0	0	0	0	0	0	0	0	0	0	0	0	0	0	0	0	0	0	0	0	0	0	0	0	0	0	1	0	0.00914359404181646	0	0	0	0
"yjcO"	0	0	0	0	0	0	0	0	0	0	0	0	0	0	0	0	0	0	0	0	0	0	0	0	0	0	0	0	0	0	0	0	0	0	0	0	0	0	0	0	0	0	0	0	0	0	0	0	0	0	0	0	0	0	0	0	0	0	0	0	0	0	0	0	0	0	0	0	0	0	0	0	0	0	0	0	0	0	0	0	0	0	0	0	0	0	0	0	0	0	0	0	0	0	0	0	0	0	0	0	0	0	0	0	1	0	0	0	0	0
"yjcR"	0	0	0	0	0	0	0	0	0	0	0	0	0	0	0	0	0	0	0	0.147594482002807	0	0	0	0	0	0	0	0	0	0	0	0	0	0	0	0	0	0	0	0	0	0	0	0	0	0	0	0	0	0	0	0	0	0	0	0	0	0	0	0	0	0	0	0	0	0	0	0	0	0	0	0	0	0	0	0	0	0	0	0	0	0	0	0	0	0	0	0	0	0	0	0	0	0	0	0	0	0	0	0	0	0	0	0.00914359404181646	0	1	0	0	0	0
"yjhA"	0	0	0	0	0	0	0	0	0	0	0	0	0	0	0	0	0	0	0	0	0	0	0	0	0	0	0	0	0	0	0	0	0	0	0	0	0	0	0	0	0	0	0	0	0	0	0	0	0	0	0	0	0	0	0	0	0	0	0	0	0	0	0	0	0	0	0	0	0	0	0	0	0	0	0	0	0	0	0	0	0	0	0	0	0	0	0	0	0	0	0	0	0	0	0	0	0	0	0	0	0	0	0	0	0	0	1	0	0	0
"yjhC"	0	0	0	0	0	0	0	0	0	0	0	0	0	0	0	0	0	0	0	0	0	0	0	0	0	0	0	0	0	0	0	0	0	0	0	0	0	0	0	0	0	0	0	0	0	0	0	0	0	0	0	0	0	0	0	0	0	0	0	0	0	0	0	0	0	0	0	0	0	0	0	0	0	0	0	0	0	0	0	0	0	0	0	0	0	0	0	0	0	0	0	0	0	0	0	0	0	0	0	0	0	0	0	0	0	0	0	1	0	0
"ynjA"	0	0	0	0	0	0	0	0	0	0	0	0	0	0	0	0	0	0	0	0	0	0	0	0	0	0	0	0	0	0	0	0	0	0	0	0	0	0	0	0	0	0	0	0	0	0	0	0	0	0	0	0	0	0	0	0	0	0	0	0	0	0	0	0	0	0	0	0	0	0	0	0	0	0	0	0	0	0	0	0	0	0	0	0	0	0	0	0	0	0	0	0	0	0	0	0	0	0	0	0	0	0	0	0	0	0	0	0	1	0
"zraR"	0	0	0	0	0	0	0	0	0	0	0	0	0	0	0	0	0	0	0	0	0	0	0	0	0	0	0	0	0	0	0	0	0	0	0	0	0	0	0	0	0	0	0	0	0	0	0	0	0	0	0	0	0	0	0	0	0	0	0	0	0	0	0	0	0	0	0	0	0	0	0	0	0	0	0	0	0	0	0	0	0	0	0	0	0	0	0	0	0	0	0	0	0	0	0	0	0	0	0	0	0	0	0	0	0	0	0	0	0	1
