		0 Gen				250 Gen				500 Gen			
Founder	Pop	X1	X2	mean X	stderr X	X1	X2	mean X	stderr X	X1	X2	mean X	stderr X
L013	1	7.12	7.14	7.13	0.01	8.26	7.98	8.12	0.14	11.44	11.99	11.71	0.27
L013	2	6.47	5.73	6.10	0.37	7.40	6.57	6.98	0.41	7.38	8.48	7.93	0.55
L013	3	nan	nan	nan	nan	nan	nan	nan	nan	nan	nan	nan	nan
L013	4	8.45	6.70	7.57	0.88	9.03	9.43	9.23	0.20	7.81	10.19	9.00	1.19
L013	5	6.59	6.87	6.73	0.14	-0.12	8.04	3.96	4.08	5.22	5.73	5.47	0.26
L013	6	8.29	6.81	7.55	0.74	-0.14	7.41	3.64	3.78	9.13	7.53	8.33	0.80
L013	7	8.45	7.00	7.73	0.72	8.76	8.18	8.47	0.29	8.64	10.71	9.68	1.04
L013	8	7.52	5.77	6.64	0.88	-0.22	6.08	2.93	3.15	4.37	4.75	4.56	0.19
L013	9	nan	nan	nan	nan	nan	nan	nan	nan	nan	nan	nan	nan
L013	10	7.35	7.63	7.49	0.14	7.49	7.96	7.73	0.24	5.27	11.46	8.37	3.09
L013	11	8.44	9.01	8.73	0.29	-0.02	7.35	3.67	3.69	6.03	11.22	8.63	2.60
L013	12	6.06	6.64	6.35	0.29	-0.05	8.81	4.38	4.43	10.82	8.93	9.87	0.94
L048	1	4.74	4.61	4.67	0.07	5.26	5.56	5.41	0.15	7.64	6.35	6.99	0.65
L048	2	4.97	3.79	4.38	0.59	4.91	5.40	5.16	0.24	7.36	7.76	7.56	0.20
L048	3	3.39	4.16	3.77	0.38	6.38	8.26	7.32	0.94	9.37	9.07	9.22	0.15
L048	4	nan	nan	nan	nan	nan	nan	nan	nan	nan	nan	nan	nan
L048	5	3.88	3.82	3.85	0.03	6.25	5.62	5.93	0.31	9.63	8.68	9.15	0.48
L048	6	4.95	4.88	4.92	0.03	5.06	4.71	4.89	0.17	8.50	6.30	7.40	1.10
L048	7	4.84	4.81	4.82	0.01	7.37	6.87	7.12	0.25	8.63	6.44	7.54	1.10
L048	8	nan	nan	nan	nan	nan	nan	nan	nan	nan	nan	nan	nan
L048	9	4.76	4.96	4.86	0.10	6.06	6.02	6.04	0.02	7.30	7.92	7.61	0.31
L048	10	4.99	4.93	4.96	0.03	4.07	3.76	3.91	0.16	8.28	8.45	8.37	0.08
L048	11	5.53	5.43	5.48	0.05	3.14	3.69	3.42	0.28	8.04	9.58	8.81	0.77
L048	12	6.01	6.25	6.13	0.12	6.45	6.85	6.65	0.20	5.90	13.31	9.60	3.70
L054	1	6.83	5.58	6.20	0.63	3.53	1.20	2.36	1.16	7.42	7.62	7.52	0.10
L054	2	5.06	5.07	5.06	0.01	8.20	7.03	7.61	0.58	8.84	10.85	9.84	1.00
L054	3	nan	nan	nan	nan	nan	nan	nan	nan	nan	nan	nan	nan
L054	4	4.43	5.34	4.88	0.46	8.62	8.45	8.53	0.08	10.57	9.10	9.83	0.74
L054	5	4.86	5.53	5.20	0.33	10.00	9.12	9.56	0.44	10.07	9.90	9.99	0.08
L054	6	-0.27	2.24	0.98	1.25	-1.66	-1.40	-1.53	0.13	3.97	-0.24	1.86	2.10
L054	7	4.47	4.88	4.67	0.20	6.21	6.40	6.30	0.09	8.52	6.17	7.34	1.17
L054	8	3.61	4.29	3.95	0.34	6.22	5.66	5.94	0.28	11.29	12.28	11.78	0.49
L054	9	nan	nan	nan	nan	nan	nan	nan	nan	nan	nan	nan	nan
L054	10	6.00	6.00	6.00	0.00	10.24	7.30	8.77	1.47	9.51	11.84	10.67	1.17
L054	11	7.41	6.13	6.77	0.64	9.77	9.04	9.40	0.36	8.62	9.75	9.18	0.57
L054	12	7.07	7.71	7.39	0.32	8.70	9.90	9.30	0.60	10.66	8.85	9.75	0.90
L064	1	4.03	6.34	5.19	1.15	6.05	1.51	3.78	2.27	8.44	8.67	8.55	0.11
L064	2	1.83	4.47	3.15	1.32	5.26	2.69	3.97	1.28	4.01	4.83	4.42	0.41
L064	3	3.96	7.16	5.56	1.60	8.41	7.14	7.77	0.63	7.62	6.72	7.17	0.45
L064	4	nan	nan	nan	nan	nan	nan	nan	nan	nan	nan	nan	nan
L064	5	2.79	6.41	4.60	1.81	7.15	6.66	6.90	0.25	4.56	7.30	5.93	1.37
L064	6	3.82	6.08	4.95	1.13	6.37	2.97	4.67	1.70	10.52	10.11	10.32	0.20
L064	7	0.53	3.90	2.21	1.68	3.17	3.59	3.38	0.21	4.77	5.75	5.26	0.49
L064	8	nan	nan	nan	nan	nan	nan	nan	nan	nan	nan	nan	nan
L064	9	4.20	7.20	5.70	1.50	3.07	3.41	3.24	0.17	6.94	8.84	7.89	0.95
L064	10	2.67	4.06	3.36	0.70	4.15	1.52	2.84	1.31	4.05	4.52	4.28	0.23
L064	11	6.04	7.38	6.71	0.67	6.90	5.90	6.40	0.50	6.29	8.09	7.19	0.90
L064	12	5.40	7.08	6.24	0.84	9.82	9.27	9.55	0.28	14.44	12.32	13.38	1.06
L098	1	4.26	5.85	5.05	0.79	6.35	4.53	5.44	0.91	5.35	3.59	4.47	0.88
L098	2	1.72	3.16	2.44	0.72	3.20	3.76	3.48	0.28	4.49	3.81	4.15	0.34
L098	3	nan	nan	nan	nan	nan	nan	nan	nan	nan	nan	nan	nan
L098	4	6.41	6.49	6.45	0.04	6.14	4.62	5.38	0.76	5.38	5.08	5.23	0.15
L098	5	4.98	6.57	5.77	0.79	7.04	7.29	7.16	0.12	6.92	6.73	6.83	0.10
L098	6	5.75	6.39	6.07	0.32	7.80	4.24	6.02	1.78	5.71	5.28	5.49	0.22
L098	7	nan	nan	nan	nan	nan	nan	nan	nan	nan	nan	nan	nan
L098	8	5.23	4.80	5.01	0.22	7.05	4.96	6.01	1.04	6.49	6.49	6.49	0.00
L098	9	5.22	6.27	5.75	0.52	7.64	9.32	8.48	0.84	9.70	8.21	8.95	0.75
L098	10	4.01	7.25	5.63	1.62	4.59	4.30	4.45	0.14	8.91	4.69	6.80	2.11
L098	11	5.11	5.57	5.34	0.23	6.76	5.76	6.26	0.50	6.02	4.99	5.51	0.51
L098	12	4.18	5.85	5.01	0.84	6.41	5.54	5.98	0.43	13.41	10.83	12.12	1.29
L102	1	4.61	6.52	5.57	0.95	6.77	5.21	5.99	0.78	10.08	7.46	8.77	1.31
L102a	2	3.96	6.17	5.07	1.11	7.10	8.77	7.93	0.83	10.30	8.30	9.30	1.00
L102a	3	3.49	7.38	5.43	1.94	6.67	5.52	6.10	0.57	6.25	6.60	6.43	0.17
L102	4	nan	nan	nan	nan	nan	nan	nan	nan	nan	nan	nan	nan
L102a	5	6.05	6.21	6.13	0.08	6.48	6.71	6.59	0.11	10.78	8.85	9.82	0.96
L102a	6	6.48	6.21	6.34	0.14	7.35	7.43	7.39	0.04	7.38	6.71	7.04	0.34
L102	7	2.67	6.26	4.47	1.80	5.80	4.71	5.25	0.54	7.20	6.23	6.72	0.49
L102	8	nan	nan	nan	nan	nan	nan	nan	nan	nan	nan	nan	nan
L102	9	4.48	6.80	5.64	1.16	6.23	4.49	5.36	0.87	6.24	10.33	8.28	2.05
L102	10	4.56	7.48	6.02	1.46	-0.03	9.67	4.82	4.85	7.77	7.25	7.51	0.26
L102	11	5.03	7.02	6.02	1.00	7.47	6.96	7.21	0.25	12.92	10.52	11.72	1.20
L102	12	4.21	6.77	5.49	1.28	9.23	9.14	9.19	0.04	5.17	3.68	4.43	0.74
L105	1	2.61	3.18	2.89	0.28	7.83	7.71	7.77	0.06	12.54	10.07	11.30	1.23
L105	2	2.61	2.64	2.63	0.02	6.18	7.06	6.62	0.44	11.90	9.80	10.85	1.05
L105	3	nan	nan	nan	nan	nan	nan	nan	nan	nan	nan	nan	nan
L105	4	2.22	3.18	2.70	0.48	5.50	4.14	4.82	0.68	7.62	5.94	6.78	0.84
L105	5	1.82	2.91	2.36	0.55	0.12	6.03	3.08	2.95	8.70	8.74	8.72	0.02
L105	6	1.80	1.99	1.89	0.10	2.81	3.63	3.22	0.41	8.78	7.56	8.17	0.61
L105	7	1.81	2.11	1.96	0.15	5.14	5.73	5.44	0.30	4.98	6.33	5.65	0.68
L105	8	1.76	2.17	1.97	0.20	7.27	7.33	7.30	0.03	9.99	9.61	9.80	0.19
L105	9	nan	nan	nan	nan	nan	nan	nan	nan	nan	nan	nan	nan
L105	10	1.73	2.56	2.15	0.42	4.51	4.33	4.42	0.09	10.06	8.60	9.33	0.73
L105	11	3.03	3.99	3.51	0.48	4.30	4.24	4.27	0.03	8.83	8.51	8.67	0.16
L105	12	1.62	3.86	2.74	1.12	0.12	4.97	2.55	2.43	7.51	8.29	7.90	0.39
L121	1	nan	nan	nan	nan	nan	nan	nan	nan	nan	nan	nan	nan
L121	2	4.87	7.28	6.08	1.21	6.41	5.68	6.04	0.36	8.39	7.80	8.10	0.30
L121	3	3.66	7.72	5.69	2.03	8.18	7.69	7.94	0.25	6.27	5.77	6.02	0.25
L121	4	4.55	8.80	6.67	2.13	7.47	6.21	6.84	0.63	6.97	7.91	7.44	0.47
L121	5	4.40	7.99	6.20	1.80	6.73	6.03	6.38	0.35	10.44	11.29	10.87	0.42
L121	6	4.47	6.91	5.69	1.22	6.28	4.75	5.52	0.76	5.08	12.75	8.91	3.84
L121	7	4.59	7.05	5.82	1.23	7.17	7.51	7.34	0.17	5.18	7.48	6.33	1.15
L121	8	nan	nan	nan	nan	nan	nan	nan	nan	nan	nan	nan	nan
L121	9	3.73	7.63	5.68	1.95	5.83	3.92	4.88	0.95	4.99	2.43	3.71	1.28
L121	10	5.57	8.75	7.16	1.59	6.89	5.81	6.35	0.54	6.84	9.46	8.15	1.31
L121	11	6.25	8.63	7.44	1.19	8.95	9.62	9.29	0.33	9.44	12.63	11.04	1.59
L121	12	3.10	6.18	4.64	1.54	5.45	4.69	5.07	0.38	6.98	6.44	6.71	0.27
L001	1	3.60	3.87	3.74	0.13	5.79	7.26	6.53	0.74	9.71	8.60	9.16	0.56
L001	2	2.84	3.09	2.97	0.13	5.06	5.54	5.30	0.24	7.64	7.05	7.34	0.29
L001	3	nan	nan	nan	nan	nan	nan	nan	nan	nan	nan	nan	nan
L001	4	3.27	3.32	3.30	0.02	7.16	7.33	7.25	0.09	6.61	4.96	5.79	0.83
L001	5	3.36	4.05	3.71	0.34	5.60	5.68	5.64	0.04	8.03	6.69	7.36	0.67
L001	6	3.22	4.11	3.67	0.45	5.64	5.58	5.61	0.03	9.50	6.77	8.13	1.36
L001	7	3.08	4.09	3.59	0.50	4.95	6.13	5.54	0.59	9.50	7.61	8.56	0.94
L001	8	1.51	3.19	2.35	0.84	7.09	7.54	7.32	0.22	7.18	4.76	5.97	1.21
L001	9	nan	nan	nan	nan	nan	nan	nan	nan	nan	nan	nan	nan
L001	10	3.68	4.51	4.10	0.42	9.64	10.84	10.24	0.60	8.20	8.41	8.30	0.11
L001	11	4.02	5.24	4.63	0.61	7.19	6.02	6.61	0.59	10.61	11.32	10.97	0.35
L001	12	nan	nan	nan	nan	nan	7.06	7.06	0.00	10.32	10.78	10.55	0.23
L015	1	4.26	4.40	4.33	0.07	9.62	8.79	9.21	0.41	12.64	14.01	13.32	0.69
L015	2	4.15	3.60	3.88	0.27	4.96	5.56	5.26	0.30	6.25	4.67	5.46	0.79
L015	3	3.54	3.58	3.56	0.02	6.03	6.25	6.14	0.11	8.93	7.52	8.23	0.70
L015	4	nan	nan	nan	nan	nan	nan	nan	nan	nan	nan	nan	nan
L015	5	2.85	2.79	2.82	0.03	7.06	6.74	6.90	0.16	8.57	8.50	8.53	0.04
L015	6	4.45	5.53	4.99	0.54	6.38	5.24	5.81	0.57	10.05	8.55	9.30	0.75
L015	7	4.57	4.54	4.55	0.01	5.75	5.60	5.67	0.07	7.41	8.87	8.14	0.73
L015	8	nan	nan	nan	nan	nan	nan	nan	nan	nan	nan	nan	nan
L015	9	5.06	4.62	4.84	0.22	5.26	5.62	5.44	0.18	7.63	7.44	7.53	0.10
L015	10	4.55	4.36	4.45	0.10	7.08	6.30	6.69	0.39	10.54	9.93	10.24	0.31
L015	11	2.73	4.11	3.42	0.69	7.05	6.23	6.64	0.41	8.85	8.51	8.68	0.17
L015	12	nan	nan	nan	nan	nan	nan	nan	nan	7.48	6.35	6.92	0.57
L031	1	5.56	4.10	4.83	0.73	6.86	6.59	6.73	0.14	11.81	11.72	11.76	0.04
L031	2	4.90	4.57	4.73	0.16	4.29	4.47	4.38	0.09	6.10	5.30	5.70	0.40
L031	3	nan	nan	nan	nan	nan	nan	nan	nan	nan	nan	nan	nan
L031	4	4.48	3.16	3.82	0.66	7.67	7.51	7.59	0.08	10.27	10.50	10.39	0.12
L031	5	6.34	4.15	5.24	1.09	4.46	3.35	3.91	0.55	7.77	9.63	8.70	0.93
L031	6	6.39	3.21	4.80	1.59	2.76	3.83	3.29	0.54	6.32	7.10	6.71	0.39
L031	7	1.78	4.34	3.06	1.28	4.63	4.01	4.32	0.31	6.25	6.50	6.37	0.12
L031	8	2.47	3.77	3.12	0.65	-0.16	6.92	3.38	3.54	10.13	8.52	9.33	0.80
L031	9	nan	nan	nan	nan	nan	nan	nan	nan	nan	nan	nan	nan
L031	10	4.03	2.46	3.25	0.79	2.01	3.83	2.92	0.91	8.46	8.65	8.56	0.09
L031	11	4.46	2.86	3.66	0.80	3.65	2.92	3.28	0.36	9.39	9.25	9.32	0.07
L031	12	nan	nan	nan	nan	nan	nan	nan	nan	10.18	9.26	9.72	0.46
L040	1	1.84	1.72	1.78	0.06	4.16	2.76	3.46	0.70	6.56	5.72	6.14	0.42
L040	2	0.05	0.78	0.42	0.36	4.53	4.03	4.28	0.25	10.97	10.65	10.81	0.16
L040	3	1.34	1.26	1.30	0.04	-1.13	1.02	-0.06	1.08	5.67	7.46	6.57	0.89
L040	4	nan	nan	nan	nan	nan	nan	nan	nan	nan	nan	nan	nan
L040	5	-0.57	-0.07	-0.32	0.25	0.88	1.98	1.43	0.55	4.50	6.26	5.38	0.88
L040	6	-1.22	-1.85	-1.53	0.31	3.57	3.68	3.62	0.05	3.96	3.40	3.68	0.28
L040	7	-0.12	0.09	-0.02	0.11	2.18	1.66	1.92	0.26	4.50	4.15	4.32	0.17
L040	8	nan	nan	nan	nan	nan	nan	nan	nan	nan	nan	nan	nan
L040	9	-0.08	-0.43	-0.26	0.18	3.54	2.32	2.93	0.61	8.89	6.23	7.56	1.33
L040	10	-1.55	-4.07	-2.81	1.26	2.93	-0.04	1.44	1.48	5.20	4.88	5.04	0.16
L040	11	-0.43	-0.80	-0.61	0.19	0.68	-0.15	0.27	0.41	4.18	6.67	5.43	1.25
L040	12	nan	nan	nan	nan	nan	nan	nan	nan	5.72	7.28	6.50	0.78
L041	1	3.97	3.17	3.57	0.40	7.02	7.23	7.13	0.10	11.66	7.41	9.54	2.13
L041	2	1.94	2.05	2.00	0.05	5.46	5.67	5.57	0.10	9.26	8.39	8.83	0.43
L041	3	nan	nan	nan	nan	nan	nan	nan	nan	nan	nan	nan	nan
L041	4	2.13	3.01	2.57	0.44	8.29	7.66	7.98	0.31	8.35	7.29	7.82	0.53
L041	5	1.83	1.76	1.80	0.03	5.42	4.81	5.12	0.31	11.47	12.40	11.93	0.47
L041	6	1.53	1.25	1.39	0.14	6.66	4.97	5.82	0.85	6.55	9.89	8.22	1.67
L041	7	nan	nan	nan	nan	nan	nan	nan	nan	nan	nan	nan	nan
L041	8	1.31	1.51	1.41	0.10	5.03	4.49	4.76	0.27	8.15	8.33	8.24	0.09
L041	9	1.36	1.69	1.53	0.16	5.71	5.08	5.39	0.32	6.07	5.65	5.86	0.21
L041	10	0.42	2.09	1.25	0.83	7.47	6.60	7.03	0.44	11.43	6.10	8.76	2.66
L041	11	3.22	1.56	2.39	0.83	7.52	6.01	6.77	0.75	8.93	7.80	8.36	0.56
L041	12	nan	nan	nan	nan	nan	nan	nan	nan	10.71	8.43	9.57	1.14
L049	1	3.95	3.70	3.83	0.13	5.83	4.88	5.35	0.47	9.99	9.75	9.87	0.12
L049	2	3.05	3.81	3.43	0.38	3.69	4.19	3.94	0.25	4.99	3.15	4.07	0.92
L049	3	2.48	2.02	2.25	0.23	5.33	4.51	4.92	0.41	6.37	5.79	6.08	0.29
L049	4	nan	nan	nan	nan	nan	nan	nan	nan	nan	nan	nan	nan
L049	5	0.91	1.90	1.41	0.50	2.80	3.51	3.16	0.36	6.94	6.21	6.57	0.37
L049	6	2.45	2.69	2.57	0.12	4.59	3.97	4.28	0.31	7.24	7.89	7.57	0.33
L049	7	2.05	3.30	2.68	0.63	5.18	4.38	4.78	0.40	6.58	6.01	6.30	0.29
L049	8	nan	nan	nan	nan	nan	nan	nan	nan	nan	nan	nan	nan
L049	9	1.82	1.26	1.54	0.28	3.51	4.53	4.02	0.51	4.59	3.81	4.20	0.39
L049	10	2.21	2.52	2.36	0.16	5.75	5.86	5.80	0.05	7.66	7.54	7.60	0.06
L049	11	-0.67	-0.43	-0.55	0.12	1.95	2.43	2.19	0.24	9.98	9.00	9.49	0.49
L049	12	nan	nan	nan	nan	nan	nan	nan	nan	6.36	5.80	6.08	0.28
L085	1	nan	nan	nan	nan	nan	nan	nan	nan	nan	nan	nan	nan
L085	2	3.45	4.58	4.02	0.57	6.29	5.11	5.70	0.59	9.42	12.59	11.00	1.58
L085	3	3.25	3.70	3.48	0.22	7.93	4.93	6.43	1.50	8.55	8.73	8.64	0.09
L085	4	2.93	3.44	3.19	0.25	6.98	4.18	5.58	1.40	8.05	9.92	8.99	0.94
L085	5	2.11	3.10	2.61	0.49	3.34	2.39	2.86	0.48	5.80	5.77	5.79	0.01
L085	6	2.76	3.41	3.09	0.32	2.95	2.37	2.66	0.29	6.64	7.44	7.04	0.40
L085	7	3.31	3.19	3.25	0.06	4.30	3.27	3.78	0.51	7.39	8.37	7.88	0.49
L085	8	2.15	2.47	2.31	0.16	0.00	6.26	3.13	3.13	12.03	13.38	12.70	0.68
L085	9	nan	nan	nan	nan	nan	nan	nan	nan	nan	nan	nan	nan
L085	10	2.19	3.20	2.69	0.50	6.31	5.41	5.86	0.45	8.56	8.15	8.36	0.21
L085	11	3.45	4.32	3.89	0.43	3.17	4.25	3.71	0.54	7.56	5.99	6.78	0.78
L085	12	nan	nan	nan	nan	nan	nan	nan	nan	9.15	8.46	8.80	0.34
L101	1	3.52	4.21	3.86	0.35	4.90	4.15	4.53	0.38	7.01	7.31	7.16	0.15
L101	2	4.34	4.10	4.22	0.12	7.21	5.07	6.14	1.07	6.12	5.56	5.84	0.28
L101	3	4.04	3.95	4.00	0.05	10.13	5.69	7.91	2.22	7.17	6.46	6.81	0.35
L101	4	nan	nan	nan	nan	nan	nan	nan	nan	nan	nan	nan	nan
L101	5	4.08	4.33	4.20	0.13	6.99	4.16	5.57	1.42	7.31	6.70	7.01	0.30
L101	6	4.12	2.77	3.45	0.67	3.47	3.82	3.64	0.18	5.61	10.20	7.91	2.29
L101	7	4.91	3.31	4.11	0.80	3.55	4.69	4.12	0.57	6.57	8.67	7.62	1.05
L101	8	nan	nan	nan	nan	nan	nan	nan	nan	nan	nan	nan	nan
L101	9	3.49	3.61	3.55	0.06	4.74	3.32	4.03	0.71	5.93	5.81	5.87	0.06
L101	10	4.01	3.78	3.89	0.11	5.52	5.00	5.26	0.26	5.70	9.87	7.79	2.09
L101	11	3.30	5.03	4.17	0.86	5.54	5.28	5.41	0.13	8.07	7.29	7.68	0.39
L101	12	nan	nan	nan	nan	nan	nan	nan	nan	11.74	11.26	11.50	0.24
L032	1	0.62	2.14	1.38	0.76	3.08	2.11	2.59	0.49	5.93	10.01	7.97	2.04
L032	2	-2.23	0.47	-0.88	1.35	2.20	1.69	1.95	0.25	6.91	7.25	7.08	0.17
L032	3	nan	nan	nan	nan	nan	nan	nan	nan	nan	nan	nan	nan
L032	4	-1.69	0.88	-0.40	1.29	3.81	4.07	3.94	0.13	9.58	10.62	10.10	0.52
L032	5	-1.89	-0.09	-0.99	0.90	2.92	2.80	2.86	0.06	5.86	5.21	5.54	0.32
L032	6	-2.35	0.44	-0.96	1.39	3.13	1.76	2.45	0.68	5.05	3.14	4.10	0.95
L032	7	-0.86	0.89	0.02	0.87	2.08	1.43	1.75	0.32	3.43	1.39	2.41	1.02
L032	8	-1.49	0.23	-0.63	0.86	4.41	3.61	4.01	0.40	7.05	5.66	6.36	0.69
L032	9	nan	nan	nan	nan	nan	nan	nan	nan	nan	nan	nan	nan
L032	10	-1.10	0.07	-0.52	0.58	2.07	2.05	2.06	0.01	7.13	12.54	9.84	2.70
L032	11	0.23	1.48	0.86	0.63	6.35	6.32	6.33	0.02	9.18	7.84	8.51	0.67
L032	12	-1.23	0.95	-0.14	1.09	2.49	2.34	2.42	0.07	8.55	5.89	7.22	1.33
L034	1	-5.40	-6.41	-5.90	0.50	6.12	5.24	5.68	0.44	4.74	5.40	5.07	0.33
L034	2	nan	-9.06	-9.06	0.00	4.39	4.39	4.39	0.00	6.86	6.77	6.81	0.04
L034	3	-7.41	-9.58	-8.50	1.08	1.85	0.50	1.18	0.67	3.29	1.04	2.17	1.13
L034	4	nan	nan	nan	nan	nan	nan	nan	nan	nan	nan	nan	nan
L034	5	-8.46	-9.23	-8.84	0.39	1.52	0.25	0.88	0.64	6.29	5.80	6.04	0.24
L034	6	nan	-7.44	-7.44	0.00	-2.34	-2.18	-2.26	0.08	5.39	2.54	3.97	1.43
L034	7	nan	-8.29	-8.29	0.00	3.09	2.63	2.86	0.23	5.30	5.19	5.25	0.06
L034	8	nan	nan	nan	nan	nan	nan	nan	nan	nan	nan	nan	nan
L034	9	-7.27	-7.90	-7.59	0.31	6.34	6.44	6.39	0.05	10.50	10.50	10.50	0.00
L034	10	nan	-7.98	-7.98	0.00	-1.20	-3.79	-2.50	1.30	1.52	1.43	1.47	0.05
L034	11	nan	-5.91	-5.91	0.00	-1.37	-1.44	-1.41	0.04	3.03	0.16	1.59	1.43
L034	12	-7.12	-4.82	-5.97	1.15	1.57	1.87	1.72	0.15	2.82	10.49	6.65	3.84
L042	1	0.93	0.09	0.51	0.42	4.28	4.00	4.14	0.14	7.68	10.32	9.00	1.32
L042	2	0.60	0.46	0.53	0.07	2.50	1.08	1.79	0.71	6.05	4.13	5.09	0.96
L042	3	nan	nan	nan	nan	nan	nan	nan	nan	nan	nan	nan	nan
L042	4	1.17	-1.22	-0.02	1.20	3.17	3.13	3.15	0.02	6.89	7.11	7.00	0.11
L042	5	-0.34	-0.58	-0.46	0.12	3.71	3.19	3.45	0.26	5.76	4.12	4.94	0.82
L042	6	-2.41	-1.15	-1.78	0.63	-0.49	-0.05	-0.27	0.22	5.12	4.43	4.78	0.35
L042	7	-0.62	-0.35	-0.48	0.14	-0.67	0.09	-0.29	0.38	4.66	3.06	3.86	0.80
L042	8	-3.21	-0.66	-1.93	1.28	2.58	2.38	2.48	0.10	4.73	3.74	4.23	0.50
L042	9	nan	nan	nan	nan	nan	nan	nan	nan	nan	nan	nan	nan
L042	10	-1.31	-1.90	-1.61	0.30	1.39	-0.58	0.41	0.99	4.03	4.59	4.31	0.28
L042	11	-1.65	-2.00	-1.82	0.18	0.28	1.02	0.65	0.37	7.32	7.01	7.17	0.15
L042	12	-1.29	0.41	-0.44	0.85	1.03	1.64	1.34	0.30	4.71	4.21	4.46	0.25
L060	1	1.95	1.73	1.84	0.11	3.19	1.15	2.17	1.02	6.04	5.50	5.77	0.27
L060	2	0.11	0.68	0.39	0.28	6.18	4.36	5.27	0.91	6.60	7.85	7.22	0.62
L060	3	0.21	0.37	0.29	0.08	4.33	2.39	3.36	0.97	4.87	2.62	3.74	1.13
L060	4	nan	nan	nan	nan	nan	nan	nan	nan	nan	nan	nan	nan
L060	5	-0.88	0.10	-0.39	0.49	2.41	2.71	2.56	0.15	3.95	3.81	3.88	0.07
L060	6	-0.83	-0.78	-0.80	0.02	5.09	5.75	5.42	0.33	5.71	5.74	5.72	0.01
L060	7	-1.52	-0.51	-1.01	0.50	2.26	2.49	2.38	0.12	6.91	6.75	6.83	0.08
L060	8	nan	nan	nan	nan	nan	nan	nan	nan	nan	nan	nan	nan
L060	9	1.01	0.78	0.90	0.12	3.85	1.99	2.92	0.93	7.23	4.79	6.01	1.22
L060	10	-2.63	-2.05	-2.34	0.29	1.23	1.95	1.59	0.36	3.43	3.01	3.22	0.21
L060	11	-1.44	0.68	-0.38	1.06	3.06	4.12	3.59	0.53	7.82	8.26	8.04	0.22
L060	12	-1.16	1.20	0.02	1.18	1.45	1.45	1.45	0.00	5.27	3.20	4.24	1.03
L086	1	2.38	2.73	2.56	0.17	4.64	2.38	3.51	1.13	8.59	8.69	8.64	0.05
L086	2	2.93	1.99	2.46	0.47	5.05	4.99	5.02	0.03	7.07	6.41	6.74	0.33
L086	3	nan	nan	nan	nan	nan	nan	nan	nan	nan	nan	nan	nan
L086	4	1.07	1.97	1.52	0.45	6.50	4.33	5.42	1.08	7.11	7.06	7.09	0.02
L086	5	2.26	2.76	2.51	0.25	2.94	3.38	3.16	0.22	4.18	4.23	4.21	0.02
L086	6	0.50	0.92	0.71	0.21	2.71	2.78	2.75	0.03	5.19	4.94	5.07	0.13
L086	7	nan	nan	nan	nan	nan	nan	nan	nan	nan	nan	nan	nan
L086	8	2.32	2.79	2.56	0.24	7.96	6.13	7.04	0.92	6.84	7.13	6.99	0.15
L086	9	3.28	3.06	3.17	0.11	4.68	4.78	4.73	0.05	7.09	6.97	7.03	0.06
L086	10	1.15	1.70	1.43	0.28	5.53	5.45	5.49	0.04	7.54	6.30	6.92	0.62
L086	11	3.00	3.75	3.37	0.38	3.63	4.00	3.82	0.19	8.73	7.28	8.01	0.72
L086	12	2.09	2.84	2.47	0.38	2.83	2.39	2.61	0.22	10.23	8.64	9.44	0.79
L094	1	nan	nan	nan	nan	nan	nan	nan	nan	nan	nan	nan	nan
L094	2	1.89	2.72	2.31	0.42	3.64	3.23	3.44	0.21	5.72	6.27	5.99	0.28
L094	3	1.30	2.43	1.87	0.57	3.92	2.40	3.16	0.76	5.67	5.59	5.63	0.04
L094	4	2.67	3.66	3.17	0.49	4.99	4.12	4.56	0.43	12.51	9.69	11.10	1.41
L094	5	0.85	1.20	1.03	0.17	2.27	1.72	1.99	0.27	7.22	6.32	6.77	0.45
L094	6	2.98	3.83	3.40	0.42	5.25	3.96	4.60	0.64	3.23	4.07	3.65	0.42
L094	7	2.78	2.87	2.83	0.04	2.98	3.23	3.10	0.12	5.99	5.45	5.72	0.27
L094	8	nan	nan	nan	nan	nan	nan	nan	nan	nan	nan	nan	nan
L094	9	2.10	1.58	1.84	0.26	4.64	4.04	4.34	0.30	5.83	4.98	5.40	0.43
L094	10	2.48	3.19	2.84	0.35	1.87	-0.54	0.66	1.20	5.20	4.92	5.06	0.14
L094	11	0.80	1.34	1.07	0.27	3.53	3.33	3.43	0.10	7.11	5.77	6.44	0.67
L094	12	-0.12	3.18	1.53	1.65	4.39	4.20	4.29	0.09	7.03	6.00	6.51	0.51
L096b	1	2.53	2.37	2.45	0.08	4.04	3.49	3.77	0.27	6.55	4.98	5.77	0.79
L096a	2	0.01	1.60	0.81	0.79	2.92	2.21	2.56	0.36	6.17	5.98	6.07	0.09
L096a	3	nan	nan	nan	nan	nan	nan	nan	nan	nan	nan	nan	nan
L096a	4	0.85	0.35	0.60	0.25	2.39	1.40	1.89	0.49	5.05	8.07	6.56	1.51
L096a	5	-0.53	1.04	0.26	0.79	2.79	3.49	3.14	0.35	5.69	5.79	5.74	0.05
L096b	6	1.07	0.98	1.02	0.04	0.62	1.58	1.10	0.48	5.33	3.23	4.28	1.05
L096a	7	-0.77	1.33	0.28	1.05	4.52	4.86	4.69	0.17	9.01	12.61	10.81	1.80
L096b	8	1.42	0.92	1.17	0.25	1.97	2.91	2.44	0.47	6.77	2.93	4.85	1.92
L096a	9	nan	nan	nan	nan	nan	nan	nan	nan	nan	nan	nan	nan
L096a	10	-0.67	0.33	-0.17	0.50	2.03	0.92	1.48	0.56	4.70	1.31	3.00	1.69
L096b	11	-0.05	1.02	0.48	0.54	1.45	0.89	1.17	0.28	4.91	3.64	4.28	0.63
L096a	12	nan	-0.01	-0.01	0.00	2.65	2.55	2.60	0.05	3.95	3.39	3.67	0.28
L103	1	1.04	1.10	1.07	0.03	5.09	5.19	5.14	0.05	7.70	8.43	8.06	0.37
L103	2	-0.48	0.25	-0.11	0.36	2.50	2.29	2.39	0.11	6.74	5.50	6.12	0.62
L103	3	-0.55	0.29	-0.13	0.42	4.84	2.70	3.77	1.07	6.22	5.24	5.73	0.49
L103	4	nan	nan	nan	nan	nan	nan	nan	nan	nan	nan	nan	nan
L103	5	-3.22	-0.64	-1.93	1.29	4.64	2.68	3.66	0.98	5.46	8.87	7.17	1.70
L103	6	-1.36	0.25	-0.56	0.80	2.92	4.65	3.79	0.87	4.72	6.33	5.53	0.81
L103	7	0.85	1.34	1.10	0.24	2.26	3.41	2.84	0.58	4.42	7.76	6.09	1.67
L103	8	nan	nan	nan	nan	nan	nan	nan	nan	nan	nan	nan	nan
L103	9	-2.89	0.68	-1.10	1.78	2.00	1.68	1.84	0.16	4.61	0.46	2.53	2.07
L103	10	-2.72	0.75	-0.99	1.74	4.13	1.71	2.92	1.21	5.60	8.03	6.82	1.21
L103	11	-1.64	-1.45	-1.54	0.09	2.17	0.10	1.13	1.04	7.32	4.74	6.03	1.29
L103	12	-1.87	0.45	-0.71	1.16	5.13	2.97	4.05	1.08	11.78	11.74	11.76	0.02
L003	1	-1.92	-0.82	-1.37	0.55	-0.31	-0.59	-0.45	0.14	5.78	7.34	6.56	0.78
L003	2	-2.28	-5.17	-3.72	1.45	5.14	3.48	4.31	0.83	5.04	4.89	4.97	0.08
L003	3	nan	nan	nan	nan	nan	nan	nan	nan	nan	nan	nan	nan
L003	4	-3.21	-3.17	-3.19	0.02	-1.59	-0.30	-0.94	0.65	8.58	6.84	7.71	0.87
L003	5	-3.91	-4.66	-4.28	0.37	5.78	5.35	5.57	0.22	4.43	4.79	4.61	0.18
L003	6	-4.50	-3.37	-3.94	0.57	-1.64	-1.88	-1.76	0.12	6.76	6.59	6.68	0.09
L003	7	-2.63	-5.63	-4.13	1.50	5.80	4.16	4.98	0.82	4.67	5.48	5.07	0.40
L003	8	-3.36	-4.62	-3.99	0.63	5.33	5.41	5.37	0.04	6.44	7.05	6.75	0.30
L003	9	nan	nan	nan	nan	nan	nan	nan	nan	nan	nan	nan	nan
L003	10	-4.93	-2.63	-3.78	1.15	4.70	5.12	4.91	0.21	4.03	3.42	3.73	0.31
L003	11	-4.38	-0.89	-2.64	1.74	4.02	5.34	4.68	0.66	11.33	11.01	11.17	0.16
L003	12	nan	nan	nan	nan	nan	0.05	0.05	0.00	10.59	10.48	10.53	0.05
L010	1	-0.88	0.03	-0.43	0.46	1.24	0.26	0.75	0.49	6.26	5.07	5.67	0.60
L010	2	-2.91	-2.83	-2.87	0.04	6.91	4.75	5.83	1.08	6.92	6.71	6.81	0.11
L010	3	-2.93	-3.79	-3.36	0.43	-0.76	-2.24	-1.50	0.74	5.14	5.99	5.56	0.42
L010	4	nan	nan	nan	nan	nan	nan	nan	nan	nan	nan	nan	nan
L010	5	-3.12	-2.87	-2.99	0.13	6.30	5.47	5.89	0.42	7.44	7.80	7.62	0.18
L010	6	-3.68	-1.89	-2.78	0.89	-2.73	-3.90	-3.32	0.59	3.38	3.06	3.22	0.16
L010	7	-1.58	-4.21	-2.90	1.31	3.77	3.52	3.64	0.12	9.01	7.62	8.31	0.69
L010	8	nan	nan	nan	nan	nan	nan	nan	nan	nan	nan	nan	nan
L010	9	-2.49	-4.57	-3.53	1.04	-1.89	-2.62	-2.26	0.36	3.04	2.21	2.62	0.41
L010	10	-2.61	-4.04	-3.33	0.72	3.92	0.67	2.29	1.63	8.04	8.35	8.20	0.15
L010	11	-11.05	-11.93	-11.49	0.44	-0.47	-5.46	-2.97	2.49	6.71	4.99	5.85	0.86
L010	12	nan	nan	nan	nan	nan	nan	nan	nan	7.72	11.83	9.77	2.06
L021	1	-2.91	-1.27	-2.09	0.82	4.97	5.00	4.99	0.01	9.08	9.70	9.39	0.31
L021	2	-3.44	-4.65	-4.04	0.61	3.44	2.97	3.21	0.23	3.62	3.40	3.51	0.11
L021	3	nan	nan	nan	nan	nan	nan	nan	nan	nan	nan	nan	nan
L021	4	-2.33	-4.16	-3.24	0.91	-3.62	-3.96	-3.79	0.17	4.88	3.62	4.25	0.63
L021	5	-1.45	-3.52	-2.49	1.03	-1.14	-2.39	-1.76	0.62	5.59	5.26	5.43	0.17
L021	6	-4.70	-1.85	-3.28	1.43	2.22	2.15	2.19	0.04	5.23	5.60	5.42	0.19
L021	7	-2.37	-4.62	-3.50	1.12	5.44	4.05	4.74	0.69	4.41	4.12	4.27	0.14
L021	8	-3.24	-1.89	-2.57	0.67	-2.25	-2.71	-2.48	0.23	4.58	4.24	4.41	0.17
L021	9	nan	nan	nan	nan	nan	nan	nan	nan	nan	nan	nan	nan
L021	10	-2.17	-4.07	-3.12	0.95	-2.86	-2.70	-2.78	0.08	5.57	5.59	5.58	0.01
L021	11	-2.25	-4.93	-3.59	1.34	9.93	7.53	8.73	1.20	5.19	6.78	5.99	0.80
L021	12	nan	nan	nan	nan	nan	nan	nan	nan	16.02	13.52	14.77	1.25
L069	1	-2.47	-0.21	-1.34	1.13	7.94	7.92	7.93	0.01	8.55	6.77	7.66	0.89
L069	2	-5.15	-2.26	-3.71	1.44	1.84	0.67	1.26	0.59	5.31	4.49	4.90	0.41
L069	3	-3.40	-4.78	-4.09	0.69	-4.97	-2.24	-3.61	1.36	5.28	4.78	5.03	0.25
L069	4	nan	nan	nan	nan	nan	nan	nan	nan	nan	nan	nan	nan
L069	5	-4.40	-3.22	-3.81	0.59	-2.72	-3.02	-2.87	0.15	3.21	4.41	3.81	0.60
L069	6	-4.68	-1.81	-3.25	1.44	2.74	1.66	2.20	0.54	5.84	7.01	6.42	0.59
L069	7	-2.93	-4.29	-3.61	0.68	2.68	2.82	2.75	0.07	4.80	6.03	5.41	0.61
L069	8	nan	nan	nan	nan	nan	nan	nan	nan	nan	nan	nan	nan
L069	9	-2.41	-3.28	-2.84	0.44	4.34	3.66	4.00	0.34	8.73	9.09	8.91	0.18
L069	10	-3.54	-2.21	-2.88	0.66	0.98	0.32	0.65	0.33	5.36	5.18	5.27	0.09
L069	11	-1.74	-3.97	-2.85	1.12	2.51	1.14	1.82	0.68	5.33	5.63	5.48	0.15
L069	12	nan	nan	nan	nan	nan	nan	nan	nan	nan	nan	nan	nan
L076	1	nan	nan	nan	nan	nan	nan	nan	nan	nan	nan	nan	nan
L076	2	-3.56	-3.09	-3.32	0.23	7.16	6.54	6.85	0.31	6.89	4.36	5.63	1.26
L076	3	-3.15	-2.67	-2.91	0.24	-2.62	-0.54	-1.58	1.04	5.47	4.74	5.11	0.37
L076	4	-4.26	-0.82	-2.54	1.72	7.05	5.17	6.11	0.94	6.39	5.18	5.79	0.60
L076	5	-2.47	-0.62	-1.54	0.93	4.24	2.62	3.43	0.81	10.83	9.48	10.16	0.68
L076	6	-3.02	-2.84	-2.93	0.09	2.54	1.87	2.21	0.33	4.00	3.91	3.95	0.04
L076	7	nan	nan	nan	nan	nan	nan	nan	nan	nan	nan	nan	nan
L076	8	-1.74	-1.49	-1.62	0.12	4.22	2.60	3.41	0.81	6.26	8.10	7.18	0.92
L076	9	-2.48	-5.45	-3.97	1.49	5.74	4.83	5.28	0.45	6.38	6.97	6.67	0.29
L076	10	-4.06	-4.68	-4.37	0.31	-2.45	-1.95	-2.20	0.25	3.74	4.38	4.06	0.32
L076	11	-10.85	-12.69	-11.77	0.92	-8.75	-10.57	-9.66	0.91	2.59	1.14	1.86	0.73
L076	12	nan	nan	nan	nan	nan	nan	nan	nan	nan	nan	nan	nan
L093	1	-2.91	0.16	-1.38	1.54	-0.64	-0.09	-0.37	0.28	6.55	6.56	6.56	0.01
L093	2	-3.11	-2.20	-2.65	0.45	0.20	-0.10	0.05	0.15	7.56	4.30	5.93	1.63
L093	3	-3.49	-1.15	-2.32	1.17	5.87	3.48	4.67	1.20	9.20	9.01	9.11	0.10
L093	4	nan	nan	nan	nan	nan	nan	nan	nan	nan	nan	nan	nan
L093	5	-4.16	-2.22	-3.19	0.97	6.82	4.90	5.86	0.96	8.89	8.69	8.79	0.10
L093	6	-4.86	-1.22	-3.04	1.82	3.65	3.28	3.47	0.19	5.60	6.23	5.91	0.31
L093	7	-3.18	-4.75	-3.96	0.79	-0.68	-0.95	-0.81	0.13	7.06	4.20	5.63	1.43
L093	8	nan	nan	nan	nan	nan	nan	nan	nan	nan	nan	nan	nan
L093	9	-0.97	-2.48	-1.73	0.75	-1.98	-1.03	-1.50	0.48	2.74	12.85	7.80	5.05
L093	10	-0.79	-2.56	-1.68	0.89	0.53	-1.57	-0.52	1.05	6.39	7.91	7.15	0.76
L093	11	-4.98	-5.37	-5.17	0.19	1.22	-2.81	-0.79	2.02	5.35	4.85	5.10	0.25
L093	12	nan	nan	nan	nan	nan	nan	nan	nan	4.88	2.57	3.72	1.16
L110	1	-4.76	-0.38	-2.57	2.19	-0.71	-0.88	-0.80	0.09	4.55	4.36	4.45	0.09
L110	2	-3.89	-2.83	-3.36	0.53	6.22	3.41	4.81	1.40	7.17	6.37	6.77	0.40
L110	3	nan	nan	nan	nan	nan	nan	nan	nan	nan	nan	nan	nan
L110	4	-2.36	-1.57	-1.96	0.39	1.78	-0.11	0.83	0.95	9.69	7.48	8.58	1.10
L110	5	-3.20	-1.56	-2.38	0.82	-0.04	2.73	1.35	1.39	9.41	10.05	9.73	0.32
L110	6	-3.81	-1.77	-2.79	1.02	-2.65	-1.07	-1.86	0.79	4.59	4.95	4.77	0.18
L110	7	-2.31	-1.69	-2.00	0.31	6.60	7.04	6.82	0.22	8.37	9.05	8.71	0.34
L110	8	-2.19	-1.44	-1.81	0.38	3.47	3.93	3.70	0.23	7.50	9.97	8.74	1.24
L110	9	nan	nan	nan	nan	nan	nan	nan	nan	nan	nan	nan	nan
L110	10	-2.60	-2.69	-2.65	0.05	-3.65	-1.42	-2.54	1.11	2.55	1.13	1.84	0.71
L110	11	-3.86	-2.52	-3.19	0.67	3.97	3.71	3.84	0.13	5.29	4.36	4.83	0.46
L110	12	nan	nan	nan	nan	nan	nan	nan	nan	6.59	8.07	7.33	0.74
L125	1	-10.22	-3.67	-6.95	3.27	-3.77	-3.35	-3.56	0.21	4.21	3.53	3.87	0.34
L125	2	-9.47	-9.37	-9.42	0.05	1.97	2.00	1.99	0.02	5.33	5.96	5.65	0.32
L125	3	-7.85	-10.46	-9.15	1.30	1.79	0.77	1.28	0.51	2.73	2.44	2.59	0.15
L125	4	nan	nan	nan	nan	nan	nan	nan	nan	nan	nan	nan	nan
L125	5	-11.16	-6.31	-8.73	2.42	1.42	0.74	1.08	0.34	2.43	2.83	2.63	0.20
L125	6	-9.78	-8.56	-9.17	0.61	-2.54	-1.03	-1.78	0.76	2.92	2.65	2.79	0.14
L125	7	-9.82	-9.17	-9.50	0.33	-3.85	-3.43	-3.64	0.21	-3.81	-12.62	-8.21	4.41
L125	8	nan	nan	nan	nan	nan	nan	nan	nan	nan	nan	nan	nan
L125	9	-9.62	-7.19	-8.40	1.22	-3.53	-5.46	-4.49	0.97	2.41	-0.31	1.05	1.36
L125	10	-6.14	-14.48	-10.31	4.17	2.07	3.09	2.58	0.51	2.17	6.82	4.50	2.33
L125	11	-10.62	-11.24	-10.93	0.31	-2.45	-2.00	-2.22	0.22	0.01	-0.01	0.00	0.01
L125	12	nan	nan	nan	nan	nan	nan	nan	nan	2.50	4.23	3.36	0.86
S025	1	nan	nan	nan	nan	nan	nan	nan	nan	nan	nan	nan	nan
S025	2	-0.55	-1.15	-0.85	0.30	2.86	0.96	1.91	0.95	6.98	5.20	6.09	0.89
S025	3	-0.37	-1.64	-1.00	0.63	2.32	-1.80	0.26	2.06	2.75	2.49	2.62	0.13
S025	4	0.17	-1.04	-0.44	0.61	2.61	1.56	2.09	0.53	3.48	4.92	4.20	0.72
S025	5	0.30	-1.41	-0.55	0.85	4.09	0.90	2.50	1.59	3.53	5.56	4.54	1.01
S025	6	0.33	-1.40	-0.53	0.87	2.87	-0.14	1.36	1.51	5.06	4.00	4.53	0.53
S025	7	0.88	-1.46	-0.29	1.17	6.83	6.25	6.54	0.29	5.55	10.44	7.99	2.44
S025	8	0.66	-1.83	-0.59	1.24	2.66	0.44	1.55	1.11	2.88	7.18	5.03	2.15
S025	9	nan	nan	nan	nan	nan	nan	nan	nan	nan	nan	nan	nan
S025	10	-2.23	-2.68	-2.45	0.23	4.62	2.83	3.73	0.90	1.49	16.04	8.76	7.27
S025	11	-0.38	-0.58	-0.48	0.10	2.02	1.49	1.75	0.26	4.82	5.87	5.34	0.52
S025	12	-2.11	-3.55	-2.83	0.72	0.93	-2.92	-0.99	1.93	3.79	3.81	3.80	0.01
S039	1	0.72	0.79	0.76	0.04	2.41	-0.16	1.13	1.29	4.15	6.47	5.31	1.16
S039	2	0.39	-0.61	-0.11	0.50	3.76	3.22	3.49	0.27	4.07	5.67	4.87	0.80
S039	3	-1.00	-0.95	-0.97	0.03	0.85	-2.10	-0.63	1.47	6.23	7.25	6.74	0.51
S039	4	nan	nan	nan	nan	nan	nan	nan	nan	nan	nan	nan	nan
S039	5	-2.61	-1.50	-2.06	0.56	2.56	1.53	2.04	0.52	5.52	7.70	6.61	1.09
S039	6	-0.60	-0.84	-0.72	0.12	0.80	-1.02	-0.11	0.91	6.65	6.86	6.75	0.11
S039	7	-0.28	-0.97	-0.62	0.35	2.57	1.35	1.96	0.61	6.76	7.82	7.29	0.53
S039	8	nan	nan	nan	nan	nan	nan	nan	nan	nan	nan	nan	nan
S039	9	-0.02	-2.53	-1.28	1.25	1.46	2.04	1.75	0.29	5.07	3.60	4.33	0.74
S039	10	-0.83	-1.98	-1.41	0.57	4.08	0.76	2.42	1.66	5.52	6.19	5.85	0.33
S039	11	-2.19	-3.46	-2.82	0.64	0.03	0.33	0.18	0.15	3.32	3.13	3.22	0.09
S039	12	-0.60	-2.50	-1.55	0.95	-1.11	-2.11	-1.61	0.50	0.69	12.73	6.71	6.02
S040	1	-2.34	-1.52	-1.93	0.41	1.67	0.75	1.21	0.46	7.22	10.84	9.03	1.81
S040	2	-0.48	-2.13	-1.31	0.83	3.70	2.41	3.05	0.64	4.57	5.65	5.11	0.54
S040	3	nan	nan	nan	nan	nan	nan	nan	nan	nan	nan	nan	nan
S040	4	-2.84	-2.82	-2.83	0.01	0.39	-1.80	-0.70	1.10	5.15	4.02	4.58	0.57
S040	5	-3.34	-2.89	-3.12	0.22	2.21	-0.50	0.85	1.35	7.22	7.61	7.41	0.20
S040	6	-3.19	-3.37	-3.28	0.09	3.62	4.09	3.85	0.23	3.12	4.19	3.66	0.53
S040	7	-1.58	-3.48	-2.53	0.95	3.28	2.44	2.86	0.42	5.64	4.95	5.29	0.35
S040	8	-1.62	-3.25	-2.44	0.81	2.01	0.87	1.44	0.57	8.37	10.41	9.39	1.02
S040	9	nan	nan	nan	nan	nan	nan	nan	nan	nan	nan	nan	nan
S040	10	-4.04	-4.35	-4.19	0.15	-2.26	-0.54	-1.40	0.86	6.00	7.84	6.92	0.92
S040	11	-1.80	-4.08	-2.94	1.14	6.09	4.08	5.09	1.01	4.39	7.94	6.16	1.77
S040	12	-0.92	-5.57	-3.24	2.32	1.06	-2.16	-0.55	1.61	5.87	3.32	4.59	1.27
S097	1	-1.70	-0.65	-1.18	0.53	6.92	6.39	6.65	0.26	9.53	11.75	10.64	1.11
S097	2	-0.07	-1.12	-0.59	0.52	1.93	0.40	1.16	0.76	5.06	6.58	5.82	0.76
S097	3	0.11	-0.91	-0.40	0.51	2.85	2.36	2.61	0.24	3.20	2.68	2.94	0.26
S097	4	nan	nan	nan	nan	nan	nan	nan	nan	nan	nan	nan	nan
S097	5	-1.09	-1.85	-1.47	0.38	1.39	1.84	1.62	0.22	3.01	3.85	3.43	0.42
S097	6	-0.72	-2.48	-1.60	0.88	-1.34	0.63	-0.35	0.98	4.30	5.24	4.77	0.47
S097	7	-0.70	-1.21	-0.96	0.26	0.23	-1.94	-0.85	1.09	6.78	5.84	6.31	0.47
S097	8	nan	nan	nan	nan	nan	nan	nan	nan	nan	nan	nan	nan
S097	9	-0.66	-1.33	-1.00	0.33	6.56	6.13	6.35	0.22	6.43	9.28	7.85	1.42
S097	10	-1.88	-3.91	-2.89	1.02	1.41	1.26	1.33	0.07	4.57	5.62	5.10	0.53
S097	11	-1.14	-4.29	-2.71	1.57	0.70	-0.13	0.29	0.41	2.94	3.72	3.33	0.39
S097	12	0.52	-2.04	-0.76	1.28	2.86	-0.25	1.30	1.55	3.07	6.13	4.60	1.53
S104	1	-3.02	-5.77	-4.39	1.37	0.22	-0.89	-0.33	0.56	7.84	7.64	7.74	0.10
S104	2	-4.91	-6.46	-5.68	0.77	1.20	0.78	0.99	0.21	4.77	8.48	6.63	1.85
S104	3	nan	nan	nan	nan	nan	nan	nan	nan	nan	nan	nan	nan
S104	4	-3.67	-4.47	-4.07	0.40	0.62	-1.71	-0.55	1.17	4.41	5.61	5.01	0.60
S104	5	-4.77	-6.01	-5.39	0.62	4.41	2.80	3.60	0.80	2.91	3.78	3.35	0.44
S104	6	-1.74	-4.14	-2.94	1.20	8.38	6.67	7.52	0.86	5.86	3.85	4.86	1.01
S104	7	nan	nan	nan	nan	nan	nan	nan	nan	nan	nan	nan	nan
S104	8	-2.86	-6.48	-4.67	1.81	0.58	-1.83	-0.63	1.21	3.81	4.01	3.91	0.10
S104	9	-2.84	-7.60	-5.22	2.38	0.40	-0.16	0.12	0.28	4.11	4.53	4.32	0.21
S104	10	-2.60	-8.23	-5.42	2.82	2.23	2.80	2.51	0.29	1.68	4.12	2.90	1.22
S104	11	-3.44	-6.60	-5.02	1.58	-2.15	-1.98	-2.06	0.08	3.13	3.23	3.18	0.05
S104	12	-3.16	-6.41	-4.79	1.62	3.86	2.01	2.93	0.93	1.47	5.82	3.64	2.18
S114	1	0.66	-3.03	-1.18	1.84	3.49	3.57	3.53	0.04	2.87	4.33	3.60	0.73
S114	2	-0.10	-3.04	-1.57	1.47	4.36	3.22	3.79	0.57	5.37	4.92	5.14	0.22
S114	3	-0.20	-2.63	-1.41	1.21	-0.38	-1.84	-1.11	0.73	0.58	3.20	1.89	1.31
S114	4	nan	nan	nan	nan	nan	nan	nan	nan	nan	nan	nan	nan
S114	5	-2.05	-3.33	-2.69	0.64	-2.25	-3.16	-2.70	0.46	4.11	2.43	3.27	0.84
S114	6	-1.26	-5.10	-3.18	1.92	1.07	2.17	1.62	0.55	4.60	4.07	4.34	0.26
S114	7	-0.18	-2.78	-1.48	1.30	3.90	4.07	3.98	0.09	7.16	4.99	6.08	1.09
S114	8	nan	nan	nan	nan	nan	nan	nan	nan	nan	nan	nan	nan
S114	9	-0.69	-3.06	-1.88	1.19	-1.08	-2.69	-1.88	0.81	8.63	5.33	6.98	1.65
S114	10	-0.26	-5.90	-3.08	2.82	3.31	3.13	3.22	0.09	4.24	5.23	4.74	0.49
S114	11	-2.20	-5.11	-3.66	1.45	-2.67	-2.46	-2.57	0.10	1.61	3.16	2.38	0.77
S114	12	-0.34	-4.59	-2.46	2.12	-0.91	-3.78	-2.34	1.44	4.92	5.98	5.45	0.53
S121	1	0.41	-2.84	-1.22	1.62	1.24	-0.27	0.49	0.76	3.52	2.29	2.90	0.61
S121	2	-0.37	-2.19	-1.28	0.91	1.18	-1.84	-0.33	1.51	3.84	1.96	2.90	0.94
S121	3	nan	nan	nan	nan	nan	nan	nan	nan	nan	nan	nan	nan
S121	4	-0.36	-1.58	-0.97	0.61	7.48	6.99	7.24	0.25	5.19	6.50	5.85	0.66
S121	5	-1.92	-6.19	-4.05	2.14	-1.57	-3.63	-2.60	1.03	8.10	8.22	8.16	0.06
S121	6	-1.77	-4.55	-3.16	1.39	2.34	1.95	2.15	0.20	5.85	5.75	5.80	0.05
S121	7	0.10	-3.48	-1.69	1.79	0.91	1.47	1.19	0.28	8.61	9.01	8.81	0.20
S121	8	-2.86	-6.09	-4.48	1.61	-2.03	-3.36	-2.69	0.66	-0.67	-2.13	-1.40	0.73
S121	9	nan	nan	nan	nan	nan	nan	nan	nan	nan	nan	nan	nan
S121	10	-0.82	-2.94	-1.88	1.06	-1.83	-2.32	-2.07	0.24	4.72	4.59	4.66	0.07
S121	11	-0.64	-3.14	-1.89	1.25	1.85	0.08	0.96	0.89	1.19	5.37	3.28	2.09
S121	12	0.09	-3.22	-1.57	1.66	-0.51	-1.69	-1.10	0.59	2.97	5.04	4.01	1.03
S126	1	-1.62	-3.21	-2.41	0.79	4.08	2.66	3.37	0.71	8.44	7.68	8.06	0.38
S126	2	-2.68	-3.73	-3.21	0.52	5.12	4.80	4.96	0.16	3.63	4.76	4.20	0.57
S126	3	-0.77	-3.00	-1.89	1.12	-1.17	-2.15	-1.66	0.49	3.28	1.19	2.23	1.04
S126	4	nan	nan	nan	nan	nan	nan	nan	nan	nan	nan	nan	nan
S126	5	-3.07	-4.72	-3.89	0.82	-0.95	-2.17	-1.56	0.61	3.08	0.82	1.95	1.13
S126	6	-1.31	-3.65	-2.48	1.17	2.84	3.33	3.09	0.24	4.64	12.50	8.57	3.93
S126	7	-1.35	-1.70	-1.53	0.18	-0.21	-1.24	-0.73	0.52	2.70	6.61	4.66	1.95
S126	8	nan	nan	nan	nan	nan	nan	nan	nan	nan	nan	nan	nan
S126	9	-2.23	-3.46	-2.84	0.62	4.57	4.29	4.43	0.14	5.32	3.80	4.56	0.76
S126	10	-2.39	-5.70	-4.05	1.65	5.08	5.28	5.18	0.10	3.82	5.93	4.88	1.05
S126	11	-2.43	-4.46	-3.45	1.02	5.81	3.55	4.68	1.13	5.71	5.92	5.81	0.11
S126	12	-3.60	-6.07	-4.84	1.23	-0.40	-0.76	-0.58	0.18	7.11	6.44	6.78	0.33
S002	1	3.21	3.46	3.33	0.13	4.83	3.54	4.19	0.64	7.26	6.49	6.88	0.39
S002	2	0.70	1.57	1.13	0.44	8.25	8.00	8.13	0.12	9.54	7.94	8.74	0.80
S002	3	nan	nan	nan	nan	nan	nan	nan	nan	nan	nan	nan	nan
S002	4	2.59	2.47	2.53	0.06	8.41	4.95	6.68	1.73	3.39	6.60	5.00	1.61
S002	5	1.80	1.75	1.78	0.03	7.13	5.74	6.44	0.70	8.35	7.22	7.78	0.57
S002	6	2.17	2.64	2.40	0.24	5.34	4.05	4.69	0.64	7.24	6.58	6.91	0.33
S002	7	3.11	2.57	2.84	0.27	5.76	4.95	5.36	0.41	8.24	7.45	7.85	0.40
S002	8	2.28	0.61	1.45	0.83	5.48	4.11	4.80	0.68	7.87	5.61	6.74	1.13
S002	9	nan	nan	nan	nan	nan	nan	nan	nan	nan	nan	nan	nan
S002	10	2.02	0.68	1.35	0.67	5.22	3.91	4.57	0.65	3.42	20.04	11.73	8.31
S002	11	2.25	2.00	2.13	0.13	3.93	3.91	3.92	0.01	2.84	3.39	3.11	0.27
S002	12	2.79	0.35	1.57	1.22	7.28	6.99	7.14	0.15	9.83	9.81	9.82	0.01
S016	1	nan	nan	nan	nan	nan	nan	nan	nan	nan	nan	nan	nan
S016	2	-2.36	-1.09	-1.73	0.64	-0.49	-1.44	-0.97	0.47	2.35	7.65	5.00	2.65
S016	3	-1.76	-1.29	-1.53	0.24	-0.15	-0.21	-0.18	0.03	0.75	0.14	0.45	0.30
S016	4	0.76	1.44	1.10	0.34	3.91	3.06	3.48	0.43	5.90	7.49	6.70	0.79
S016	5	1.10	0.65	0.88	0.22	3.55	1.64	2.60	0.96	4.73	4.13	4.43	0.30
S016	6	-0.92	0.76	-0.08	0.84	1.52	0.25	0.88	0.63	4.67	5.18	4.92	0.25
S016	7	-0.89	0.34	-0.28	0.61	5.53	3.79	4.66	0.87	4.89	1.71	3.30	1.59
S016	8	nan	nan	nan	nan	nan	nan	nan	nan	nan	nan	nan	nan
S016	9	-1.13	-1.04	-1.08	0.05	2.42	1.83	2.12	0.30	4.99	3.98	4.49	0.50
S016	10	0.06	-1.16	-0.55	0.61	-0.12	-0.48	-0.30	0.18	0.53	-0.37	0.08	0.45
S016	11	-0.91	-2.24	-1.58	0.67	-1.62	-1.46	-1.54	0.08	0.80	2.15	1.48	0.67
S016	12	0.74	-0.90	-0.08	0.82	3.65	2.98	3.32	0.34	2.90	12.01	7.46	4.55
S023	1	0.64	0.92	0.78	0.14	6.60	6.05	6.32	0.28	5.88	8.92	7.40	1.52
S023	2	0.16	1.58	0.87	0.71	1.83	1.47	1.65	0.18	5.32	4.65	4.99	0.34
S023	3	nan	nan	nan	nan	nan	nan	nan	nan	nan	nan	nan	nan
S023	4	-0.07	0.72	0.33	0.39	2.90	2.52	2.71	0.19	7.06	7.09	7.08	0.02
S023	5	-0.73	-1.06	-0.89	0.16	2.68	2.43	2.55	0.12	3.24	3.46	3.35	0.11
S023	6	-0.47	-0.73	-0.60	0.13	1.70	1.50	1.60	0.10	6.46	5.17	5.82	0.65
S023	7	-0.40	0.23	-0.08	0.31	0.43	1.16	0.79	0.37	3.83	2.63	3.23	0.60
S023	8	-0.25	-0.64	-0.45	0.19	0.33	-0.60	-0.14	0.47	8.02	8.61	8.31	0.30
S023	9	nan	nan	nan	nan	nan	nan	nan	nan	nan	nan	nan	nan
S023	10	-1.98	-0.95	-1.47	0.51	2.65	2.53	2.59	0.06	4.05	4.67	4.36	0.31
S023	11	0.02	-1.27	-0.62	0.64	0.01	-0.35	-0.17	0.18	4.06	2.95	3.50	0.56
S023	12	1.13	0.09	0.61	0.52	1.51	0.15	0.83	0.68	6.05	5.96	6.00	0.04
S024	1	0.04	-0.05	-0.01	0.04	3.65	2.33	2.99	0.66	3.42	5.37	4.39	0.97
S024	2	-1.40	-0.80	-1.10	0.30	2.41	1.35	1.88	0.53	5.08	4.50	4.79	0.29
S024	3	-0.82	-0.20	-0.51	0.31	2.96	2.89	2.93	0.04	6.17	5.81	5.99	0.18
S024	4	nan	nan	nan	nan	nan	nan	nan	nan	nan	nan	nan	nan
S024	5	-1.36	-0.38	-0.87	0.49	1.41	1.67	1.54	0.13	4.11	3.33	3.72	0.39
S024	6	-0.18	0.34	0.08	0.26	5.47	-0.81	2.33	3.14	3.96	3.82	3.89	0.07
S024	7	-2.45	-0.53	-1.49	0.96	4.68	3.33	4.01	0.68	0.80	3.55	2.18	1.38
S024	8	nan	nan	nan	nan	nan	nan	nan	nan	nan	nan	nan	nan
S024	9	-1.15	-1.45	-1.30	0.15	2.66	1.79	2.22	0.43	4.47	5.59	5.03	0.56
S024	10	-1.02	-2.67	-1.84	0.82	0.84	0.29	0.56	0.28	4.40	4.61	4.51	0.11
S024	11	-0.39	-2.82	-1.60	1.22	3.83	3.56	3.70	0.14	6.46	6.84	6.65	0.19
S024	12	-0.90	-0.84	-0.87	0.03	5.01	3.26	4.14	0.88	3.74	4.42	4.08	0.34
S036	1	-0.99	-2.39	-1.69	0.70	2.78	0.40	1.59	1.19	0.38	6.24	3.31	2.93
S036	2	-3.14	-5.16	-4.15	1.01	-0.98	-0.86	-0.92	0.06	5.92	3.28	4.60	1.32
S036	3	nan	nan	nan	nan	nan	nan	nan	nan	nan	nan	nan	nan
S036	4	-2.20	-0.94	-1.57	0.63	3.20	2.81	3.00	0.19	6.29	6.18	6.24	0.06
S036	5	-4.31	-5.23	-4.77	0.46	1.25	-0.22	0.51	0.74	2.67	1.44	2.06	0.61
S036	6	-2.59	-3.48	-3.04	0.44	1.83	-0.22	0.81	1.02	8.23	7.13	7.68	0.55
S036	7	nan	nan	nan	nan	nan	nan	nan	nan	nan	nan	nan	nan
S036	8	-1.75	-4.23	-2.99	1.24	-0.86	-0.72	-0.79	0.07	1.12	0.67	0.89	0.23
S036	9	-3.28	-2.82	-3.05	0.23	-0.57	0.12	-0.22	0.35	3.99	4.60	4.30	0.31
S036	10	-2.70	-2.90	-2.80	0.10	0.52	0.33	0.42	0.09	4.35	2.92	3.64	0.72
S036	11	-3.08	-4.35	-3.72	0.64	3.38	3.73	3.55	0.18	6.05	5.10	5.58	0.47
S036	12	-1.41	-4.61	-3.01	1.60	3.05	2.58	2.82	0.23	4.74	4.68	4.71	0.03
S048	1	-0.76	0.02	-0.37	0.39	3.86	2.55	3.20	0.66	4.83	5.52	5.17	0.35
S048	2	-0.20	-0.32	-0.26	0.06	2.68	3.40	3.04	0.36	7.70	6.30	7.00	0.70
S048	3	-0.94	-1.12	-1.03	0.09	-0.99	1.32	0.16	1.15	2.66	2.05	2.35	0.30
S048	4	nan	nan	nan	nan	nan	nan	nan	nan	nan	nan	nan	nan
S048	5	-1.05	-3.28	-2.17	1.11	0.72	0.68	0.70	0.02	3.13	2.06	2.59	0.54
S048	6	-0.52	-3.29	-1.91	1.38	1.85	1.57	1.71	0.14	4.70	2.63	3.66	1.04
S048	7	-0.21	-1.23	-0.72	0.51	0.22	0.21	0.22	0.00	0.75	2.75	1.75	1.00
S048	8	nan	nan	nan	nan	nan	nan	nan	nan	nan	nan	nan	nan
S048	9	-1.41	-2.76	-2.08	0.67	1.60	1.00	1.30	0.30	6.92	13.05	9.99	3.07
S048	10	-0.27	-3.00	-1.64	1.37	1.54	3.27	2.41	0.87	4.47	4.06	4.27	0.21
S048	11	-1.71	-2.99	-2.35	0.64	-0.73	-0.41	-0.57	0.16	3.52	3.33	3.43	0.10
S048	12	-0.76	-2.57	-1.66	0.90	3.16	2.83	3.00	0.16	6.46	8.22	7.34	0.88
S071	1	-7.15	-7.00	-7.08	0.07	-1.12	-0.51	-0.81	0.30	0.52	0.40	0.46	0.06
S071	2	0.74	1.56	1.15	0.41	6.17	2.39	4.28	1.89	6.01	6.55	6.28	0.27
S071	3	nan	nan	nan	nan	nan	nan	nan	nan	nan	nan	nan	nan
S071	4	-0.31	0.47	0.08	0.39	1.28	2.16	1.72	0.44	3.43	2.06	2.74	0.68
S071	5	0.54	-0.92	-0.19	0.73	6.54	5.77	6.15	0.38	2.44	4.58	3.51	1.07
S071	6	-0.81	-0.57	-0.69	0.12	4.94	4.75	4.85	0.10	8.43	7.58	8.00	0.43
S071	7	-0.01	-1.42	-0.72	0.71	1.97	0.94	1.46	0.51	1.11	0.74	0.92	0.18
S071	8	-1.01	-1.19	-1.10	0.09	5.84	5.14	5.49	0.35	6.95	6.28	6.62	0.34
S071	9	nan	nan	nan	nan	nan	nan	nan	nan	nan	nan	nan	nan
S071	10	0.42	-1.05	-0.31	0.73	4.30	2.67	3.48	0.82	4.79	5.07	4.93	0.14
S071	11	0.58	-0.51	0.04	0.55	5.59	6.10	5.84	0.26	5.47	5.87	5.67	0.20
S071	12	1.51	1.06	1.28	0.23	4.18	3.25	3.71	0.46	4.65	4.29	4.47	0.18
S078	1	-0.32	-0.21	-0.26	0.06	2.90	1.00	1.95	0.95	5.28	10.27	7.78	2.50
S078	2	-2.71	-0.45	-1.58	1.13	5.16	4.43	4.79	0.36	6.50	7.65	7.07	0.58
S078	3	-1.98	-0.16	-1.07	0.91	-0.40	0.47	0.04	0.43	1.29	2.94	2.12	0.82
S078	4	nan	nan	nan	nan	nan	nan	nan	nan	nan	nan	nan	nan
S078	5	-0.59	-1.20	-0.89	0.31	6.69	5.17	5.93	0.76	8.35	7.75	8.05	0.30
S078	6	-1.78	0.05	-0.86	0.92	0.83	0.38	0.60	0.23	5.34	5.00	5.17	0.17
S078	7	-1.99	0.57	-0.71	1.28	1.29	1.28	1.29	0.00	0.87	-1.04	-0.08	0.96
S078	8	nan	nan	nan	nan	nan	nan	nan	nan	nan	nan	nan	nan
S078	9	-0.71	-1.95	-1.33	0.62	0.63	0.97	0.80	0.17	3.34	0.74	2.04	1.30
S078	10	-2.04	-1.69	-1.86	0.17	1.76	3.14	2.45	0.69	4.61	8.30	6.46	1.84
S078	11	-0.78	-2.76	-1.77	0.99	1.32	1.49	1.41	0.08	4.03	6.48	5.25	1.22
S078	12	-1.32	-1.99	-1.65	0.33	5.74	2.78	4.26	1.48	5.08	5.80	5.44	0.36
S005	1	1.89	1.50	1.70	0.19	6.88	4.03	5.46	1.43	1.94	5.42	3.68	1.74
S005	2	-0.53	0.13	-0.20	0.33	2.71	0.67	1.69	1.02	2.64	2.72	2.68	0.04
S005	3	nan	nan	nan	nan	nan	nan	nan	nan	nan	nan	nan	nan
S005	4	0.33	2.10	1.21	0.88	4.09	2.51	3.30	0.79	4.17	4.06	4.11	0.06
S005	5	-0.29	-0.01	-0.15	0.14	2.90	1.18	2.04	0.86	2.94	3.07	3.00	0.07
S005	6	1.18	1.49	1.33	0.16	3.86	2.81	3.34	0.53	3.66	5.10	4.38	0.72
S005	7	1.11	1.64	1.37	0.27	4.20	2.51	3.36	0.84	8.16	9.27	8.72	0.55
S005	8	-0.10	0.90	0.40	0.50	2.64	1.35	1.99	0.64	3.78	2.56	3.17	0.61
S005	9	nan	nan	nan	nan	nan	nan	nan	nan	nan	nan	nan	nan
S005	10	-1.64	0.86	-0.39	1.25	2.31	1.61	1.96	0.35	5.61	10.70	8.15	2.54
S005	11	-0.31	3.82	1.75	2.07	6.42	4.30	5.36	1.06	4.15	3.34	3.75	0.40
S005	12	0.89	0.88	0.88	0.00	7.08	4.45	5.77	1.32	7.24	8.81	8.03	0.79
S006	1	1.90	1.25	1.58	0.33	1.57	-0.29	0.64	0.93	2.38	2.94	2.66	0.28
S006	2	-0.94	-0.18	-0.56	0.38	3.19	2.93	3.06	0.13	6.83	7.52	7.18	0.35
S006	3	-1.19	-0.52	-0.86	0.34	3.19	2.85	3.02	0.17	3.23	3.83	3.53	0.30
S006	4	nan	nan	nan	nan	nan	nan	nan	nan	nan	nan	nan	nan
S006	5	-1.32	-0.64	-0.98	0.34	2.96	2.02	2.49	0.47	5.85	6.52	6.18	0.33
S006	6	-0.07	1.34	0.63	0.70	2.72	2.28	2.50	0.22	7.77	7.80	7.79	0.02
S006	7	-0.32	1.17	0.42	0.74	0.86	0.52	0.69	0.17	4.48	4.10	4.29	0.19
S006	8	nan	nan	nan	nan	nan	nan	nan	nan	nan	nan	nan	nan
S006	9	-0.94	0.38	-0.28	0.66	1.91	1.72	1.81	0.10	5.34	5.20	5.27	0.07
S006	10	-1.97	-0.42	-1.20	0.77	0.73	1.53	1.13	0.40	6.78	5.03	5.90	0.87
S006	11	-0.10	-0.20	-0.15	0.05	3.60	2.70	3.15	0.45	3.04	4.40	3.72	0.68
S006	12	-0.56	0.79	0.11	0.67	3.70	2.81	3.26	0.45	6.02	7.80	6.91	0.89
S019	1	nan	nan	nan	nan	nan	nan	nan	nan	nan	nan	nan	nan
S019	2	-1.69	-0.25	-0.97	0.72	4.05	3.36	3.71	0.35	5.34	5.88	5.61	0.27
S019	3	-1.03	-1.58	-1.31	0.27	2.86	1.67	2.27	0.59	5.01	6.06	5.54	0.53
S019	4	-1.17	-0.53	-0.85	0.32	2.18	1.00	1.59	0.59	4.05	3.16	3.60	0.44
S019	5	-1.13	0.01	-0.56	0.57	0.63	0.30	0.47	0.17	5.00	4.84	4.92	0.08
S019	6	-0.34	-1.00	-0.67	0.33	0.93	0.75	0.84	0.09	2.13	2.39	2.26	0.13
S019	7	-1.85	-1.32	-1.58	0.27	1.87	1.52	1.70	0.18	5.90	6.17	6.03	0.14
S019	8	-0.61	-0.61	-0.61	0.00	4.45	1.83	3.14	1.31	3.72	3.71	3.72	0.00
S019	9	nan	nan	nan	nan	nan	nan	nan	nan	nan	nan	nan	nan
S019	10	-1.53	-1.97	-1.75	0.22	0.89	-0.12	0.39	0.51	1.02	1.19	1.10	0.09
S019	11	-2.46	-1.19	-1.82	0.64	1.20	0.75	0.97	0.22	4.78	6.03	5.41	0.62
S019	12	-0.64	-1.12	-0.88	0.24	3.87	2.35	3.11	0.76	9.38	9.71	9.55	0.16
S028	1	1.74	1.74	1.74	0.00	6.17	5.45	5.81	0.36	7.46	7.43	7.45	0.02
S028	2	-0.67	0.08	-0.29	0.38	2.05	1.24	1.65	0.41	2.52	1.77	2.15	0.38
S028	3	-0.52	-0.33	-0.42	0.10	0.75	0.74	0.74	0.01	4.01	3.98	4.00	0.01
S028	4	nan	nan	nan	nan	nan	nan	nan	nan	nan	nan	nan	nan
S028	5	-1.49	-0.24	-0.86	0.63	1.14	1.01	1.08	0.06	4.38	3.71	4.04	0.34
S028	6	0.77	-0.12	0.32	0.45	3.47	2.39	2.93	0.54	3.29	3.29	3.29	0.00
S028	7	-1.99	-0.39	-1.19	0.80	0.96	-0.21	0.37	0.58	3.85	3.67	3.76	0.09
S028	8	nan	nan	nan	nan	nan	nan	nan	nan	nan	nan	nan	nan
S028	9	-0.47	0.63	0.08	0.55	5.76	4.69	5.22	0.53	6.51	7.08	6.79	0.29
S028	10	-2.51	-1.88	-2.19	0.31	0.68	nan	0.68	0.00	5.60	5.90	5.75	0.15
S028	11	1.20	-1.32	-0.06	1.26	3.97	3.71	3.84	0.13	5.65	4.98	5.32	0.34
S028	12	-0.87	-0.87	-0.87	0.00	2.85	1.99	2.42	0.43	3.93	3.71	3.82	0.11
S029	1	-0.81	-1.56	-1.18	0.38	5.49	6.00	5.74	0.25	6.66	7.75	7.21	0.54
S029	2	-3.22	-3.18	-3.20	0.02	-0.95	0.14	-0.40	0.54	5.22	7.22	6.22	1.00
S029	3	nan	nan	nan	nan	nan	nan	nan	nan	nan	nan	nan	nan
S029	4	-2.40	-2.22	-2.31	0.09	1.06	1.59	1.33	0.26	6.20	6.54	6.37	0.17
S029	5	-4.03	-2.09	-3.06	0.97	8.24	5.73	6.98	1.26	5.88	5.70	5.79	0.09
S029	6	-2.10	-2.60	-2.35	0.25	2.57	1.58	2.07	0.49	5.33	5.86	5.59	0.26
S029	7	nan	nan	nan	nan	nan	nan	nan	nan	nan	nan	nan	nan
S029	8	-2.15	-2.29	-2.22	0.07	0.98	0.96	0.97	0.01	5.50	4.23	4.86	0.64
S029	9	-4.59	-1.91	-3.25	1.34	0.41	0.14	0.27	0.14	6.21	5.60	5.91	0.31
S029	10	-3.33	-3.14	-3.24	0.10	1.68	1.64	1.66	0.02	9.09	8.32	8.71	0.38
S029	11	-3.58	-1.38	-2.48	1.10	2.11	0.77	1.44	0.67	3.10	2.51	2.81	0.30
S029	12	-1.57	-2.40	-1.99	0.41	3.89	3.89	3.89	0.00	8.05	6.02	7.03	1.02
S059	1	0.47	-0.22	0.13	0.35	4.64	2.36	3.50	1.14	1.25	3.35	2.30	1.05
S059	2	0.67	0.25	0.46	0.21	4.35	4.26	4.31	0.05	7.16	6.38	6.77	0.39
S059	3	-1.34	0.74	-0.30	1.04	5.06	2.97	4.02	1.04	8.71	8.17	8.44	0.27
S059	4	nan	nan	nan	nan	nan	nan	nan	nan	nan	nan	nan	nan
S059	5	-2.58	-0.71	-1.65	0.93	3.87	3.97	3.92	0.05	3.11	2.82	2.96	0.14
S059	6	-0.04	-0.32	-0.18	0.14	4.13	2.71	3.42	0.71	5.55	6.54	6.05	0.49
S059	7	-0.48	-1.45	-0.96	0.49	3.97	2.36	3.16	0.80	6.14	5.48	5.81	0.33
S059	8	nan	nan	nan	nan	nan	nan	nan	nan	nan	nan	nan	nan
S059	9	0.08	-0.37	-0.14	0.23	2.21	1.76	1.98	0.23	7.50	8.25	7.87	0.38
S059	10	-1.44	-1.27	-1.35	0.08	1.52	0.66	1.09	0.43	7.22	5.59	6.40	0.82
S059	11	-1.42	-0.08	-0.75	0.67	-1.42	0.31	-0.56	0.87	5.94	5.92	5.93	0.01
S059	12	0.62	0.79	0.71	0.08	3.80	1.83	2.81	0.99	3.64	3.71	3.67	0.03
S061	1	0.59	0.90	0.75	0.15	6.58	5.09	5.84	0.75	4.17	7.39	5.78	1.61
S061	2	-1.46	0.41	-0.53	0.93	4.66	4.39	4.53	0.13	2.75	5.99	4.37	1.62
S061	3	nan	nan	nan	nan	nan	nan	nan	nan	nan	nan	nan	nan
S061	4	-0.14	0.23	0.04	0.18	8.41	4.69	6.55	1.86	9.39	8.69	9.04	0.35
S061	5	-1.76	-2.59	-2.17	0.41	1.74	2.34	2.04	0.30	4.48	9.47	6.97	2.49
S061	6	-1.38	0.20	-0.59	0.79	4.43	4.04	4.23	0.19	4.28	7.68	5.98	1.70
S061	7	-1.44	-0.07	-0.76	0.69	2.02	3.08	2.55	0.53	3.12	3.17	3.14	0.03
S061	8	-0.47	-0.87	-0.67	0.20	3.61	2.11	2.86	0.75	3.11	3.19	3.15	0.04
S061	9	nan	nan	nan	nan	nan	nan	nan	nan	nan	nan	nan	nan
S061	10	-0.54	0.14	-0.20	0.34	3.12	2.99	3.05	0.07	3.00	3.27	3.13	0.13
S061	11	0.36	1.46	0.91	0.55	2.90	2.99	2.94	0.04	1.69	1.46	1.57	0.12
S061	12	0.31	2.26	1.29	0.98	4.91	3.21	4.06	0.85	7.96	7.32	7.64	0.32
S062	1	-0.34	0.87	0.27	0.61	1.78	0.83	1.31	0.47	6.08	6.20	6.14	0.06
S062	2	0.76	1.48	1.12	0.36	3.14	2.09	2.61	0.52	2.95	3.26	3.11	0.16
S062	3	-0.34	1.42	0.54	0.88	1.69	1.02	1.35	0.33	1.35	1.17	1.26	0.09
S062	4	nan	nan	nan	nan	nan	nan	nan	nan	nan	nan	nan	nan
S062	5	-1.84	0.32	-0.76	1.08	2.53	2.60	2.57	0.03	5.01	3.99	4.50	0.51
S062	6	-2.48	0.55	-0.97	1.52	-0.45	-0.31	-0.38	0.07	3.30	10.95	7.12	3.82
S062	7	0.09	0.16	0.12	0.03	6.52	6.02	6.27	0.25	4.58	7.42	6.00	1.42
S062	8	nan	nan	nan	nan	nan	nan	nan	nan	nan	nan	nan	nan
S062	9	-3.45	0.56	-1.45	2.00	-0.10	0.89	0.39	0.49	2.52	0.93	1.72	0.80
S062	10	-1.50	-0.09	-0.79	0.70	3.33	3.61	3.47	0.14	4.07	3.29	3.68	0.39
S062	11	-2.42	0.98	-0.72	1.70	2.00	3.54	2.77	0.77	5.50	6.32	5.91	0.41
S062	12	-0.41	0.70	0.14	0.56	3.90	2.83	3.37	0.53	0.53	4.59	2.56	2.03
S004	1	-4.36	-5.32	-4.84	0.48	5.85	1.76	3.80	2.04	5.92	6.85	6.38	0.46
S004	2	-7.31	-5.90	-6.60	0.70	2.85	0.90	1.88	0.98	4.41	5.50	4.96	0.55
S004	3	nan	nan	nan	nan	nan	nan	nan	nan	nan	nan	nan	nan
S004	4	-1.59	-1.91	-1.75	0.16	3.50	0.71	2.10	1.40	4.81	4.21	4.51	0.30
S004	5	-3.30	-1.48	-2.39	0.91	-3.13	-3.74	-3.44	0.31	3.36	3.40	3.38	0.02
S004	6	-2.78	-1.87	-2.32	0.45	-0.26	-2.01	-1.14	0.88	4.20	2.33	3.26	0.94
S004	7	-2.17	-0.65	-1.41	0.76	-1.70	-4.33	-3.02	1.32	2.94	3.45	3.20	0.25
S004	8	-5.07	-1.68	-3.38	1.69	7.31	3.54	5.42	1.89	7.75	7.25	7.50	0.25
S004	9	nan	nan	nan	nan	nan	nan	nan	nan	nan	nan	nan	nan
S004	10	-2.09	-5.42	-3.76	1.66	-0.13	0.42	0.14	0.27	2.66	15.65	9.15	6.50
S004	11	-1.51	-1.34	-1.43	0.08	1.07	-1.10	-0.01	1.09	5.56	3.82	4.69	0.87
S004	12	-3.93	-3.21	-3.57	0.36	3.70	0.68	2.19	1.51	2.68	5.31	4.00	1.31
S043	1	-5.61	-7.57	-6.59	0.98	2.59	-2.59	0.00	2.59	1.95	4.86	3.41	1.46
S043	2	-5.75	-4.65	-5.20	0.55	3.21	3.87	3.54	0.33	7.21	7.27	7.24	0.03
S043	3	-5.87	-5.36	-5.61	0.26	-2.44	-3.96	-3.20	0.76	2.48	3.30	2.89	0.41
S043	4	nan	nan	nan	nan	nan	nan	nan	nan	nan	nan	nan	nan
S043	5	-6.13	-7.23	-6.68	0.55	-0.12	0.20	0.04	0.16	5.74	5.22	5.48	0.26
S043	6	-5.40	-5.37	-5.38	0.02	-1.91	-2.08	-2.00	0.09	6.14	7.07	6.60	0.47
S043	7	-7.68	-6.72	-7.20	0.48	-2.50	-2.90	-2.70	0.20	3.35	3.41	3.38	0.03
S043	8	nan	nan	nan	nan	nan	nan	nan	nan	nan	nan	nan	nan
S043	9	-4.33	-5.14	-4.73	0.41	5.77	2.78	4.27	1.50	5.34	6.64	5.99	0.65
S043	10	-4.23	-8.46	-6.34	2.12	-2.46	-0.29	-1.37	1.08	6.37	6.81	6.59	0.22
S043	11	-5.32	-2.79	-4.06	1.27	2.40	2.10	2.25	0.15	5.07	3.40	4.23	0.84
S043	12	-4.52	-4.59	-4.55	0.03	3.01	1.41	2.21	0.80	2.17	13.96	8.07	5.89
S054	1	-5.90	-4.64	-5.27	0.63	0.85	-2.05	-0.60	1.45	4.14	4.18	4.16	0.02
S054	2	-5.39	-5.68	-5.53	0.15	4.13	2.96	3.55	0.58	7.26	10.15	8.71	1.44
S054	3	nan	nan	nan	nan	nan	nan	nan	nan	nan	nan	nan	nan
S054	4	-6.15	-7.15	-6.65	0.50	-0.62	-3.30	-1.96	1.34	5.83	4.28	5.06	0.77
S054	5	-6.45	-6.14	-6.29	0.16	4.19	0.89	2.54	1.65	3.38	2.18	2.78	0.60
S054	6	-7.44	-5.72	-6.58	0.86	-4.74	-3.99	-4.36	0.37	2.40	3.81	3.10	0.71
S054	7	-5.75	-6.13	-5.94	0.19	4.26	0.92	2.59	1.67	2.40	1.99	2.20	0.21
S054	8	-4.81	-3.70	-4.25	0.55	-1.35	-0.44	-0.90	0.45	9.55	8.24	8.89	0.65
S054	9	nan	nan	nan	nan	nan	nan	nan	nan	nan	nan	nan	nan
S054	10	-4.74	-5.29	-5.02	0.28	4.47	2.42	3.45	1.03	3.07	4.05	3.56	0.49
S054	11	-6.60	-6.36	-6.48	0.12	6.76	4.39	5.58	1.18	6.21	7.76	6.98	0.77
S054	12	-2.29	-4.41	-3.35	1.06	-0.80	-2.97	-1.89	1.08	2.55	2.97	2.76	0.21
S058	1	nan	nan	nan	nan	nan	nan	nan	nan	nan	nan	nan	nan
S058	2	-5.88	-5.26	-5.57	0.31	-1.91	-3.71	-2.81	0.90	3.35	3.24	3.29	0.05
S058	3	-5.54	-5.09	-5.31	0.22	0.34	-0.42	-0.04	0.38	4.41	3.10	3.76	0.65
S058	4	-3.80	-4.06	-3.93	0.13	4.04	1.91	2.97	1.06	4.26	3.04	3.65	0.61
S058	5	-5.69	-5.07	-5.38	0.31	-0.70	-2.60	-1.65	0.95	2.79	2.33	2.56	0.23
S058	6	-5.54	-3.70	-4.62	0.92	0.03	-0.49	-0.23	0.26	1.95	3.92	2.94	0.98
S058	7	-6.63	-4.97	-5.80	0.83	-0.83	0.42	-0.21	0.63	6.55	6.10	6.32	0.23
S058	8	nan	nan	nan	nan	nan	nan	nan	nan	nan	nan	nan	nan
S058	9	-4.72	-2.33	-3.52	1.20	-5.17	nan	-5.17	0.00	3.79	5.91	4.85	1.06
S058	10	-4.32	-7.31	-5.81	1.50	-3.98	-0.98	-2.48	1.50	3.88	2.96	3.42	0.46
S058	11	-5.62	-4.17	-4.90	0.73	3.92	2.36	3.14	0.78	5.27	6.03	5.65	0.38
S058	12	-5.64	-8.12	-6.88	1.24	-3.39	-2.79	-3.09	0.30	5.73	5.62	5.67	0.06
S064	1	-4.30	-4.13	-4.21	0.08	3.62	0.16	1.89	1.73	3.51	3.03	3.27	0.24
S064	2	-6.88	-8.26	-7.57	0.69	-2.04	-1.67	-1.85	0.19	3.35	2.92	3.13	0.22
S064	3	nan	nan	nan	nan	nan	nan	nan	nan	nan	nan	nan	nan
S064	4	-7.53	-7.70	-7.61	0.09	-6.19	-3.92	-5.05	1.14	2.04	2.51	2.27	0.24
S064	5	-3.76	-5.31	-4.54	0.78	-0.13	-0.69	-0.41	0.28	5.50	5.18	5.34	0.16
S064	6	-5.20	-7.76	-6.48	1.28	-0.38	-2.39	-1.38	1.01	2.70	3.09	2.89	0.19
S064	7	nan	nan	nan	nan	nan	nan	nan	nan	nan	nan	nan	nan
S064	8	-5.19	-5.58	-5.39	0.19	-0.37	-0.91	-0.64	0.27	2.59	1.41	2.00	0.59
S064	9	-6.98	-7.96	-7.47	0.49	-4.44	-5.00	-4.72	0.28	4.95	4.02	4.48	0.47
S064	10	-8.58	-6.48	-7.53	1.05	2.88	0.99	1.93	0.94	3.12	3.04	3.08	0.04
S064	11	-8.24	-6.34	-7.29	0.95	-1.15	-0.65	-0.90	0.25	2.74	1.87	2.30	0.44
S064	12	-7.61	-7.94	-7.77	0.17	7.58	8.02	7.80	0.22	8.83	10.06	9.44	0.62
S068	1	-4.17	-3.27	-3.72	0.45	1.99	-1.48	0.26	1.73	4.21	2.81	3.51	0.70
S068	2	-7.62	-4.86	-6.24	1.38	3.88	4.06	3.97	0.09	8.13	7.60	7.87	0.26
S068	3	-5.10	-3.79	-4.45	0.65	-0.05	0.52	0.24	0.29	3.38	2.10	2.74	0.64
S068	4	nan	nan	nan	nan	nan	nan	nan	nan	nan	nan	nan	nan
S068	5	-6.71	-7.46	-7.09	0.38	0.92	1.00	0.96	0.04	3.71	2.54	3.13	0.58
S068	6	-2.83	-3.41	-3.12	0.29	-3.51	-1.19	-2.35	1.16	4.37	3.17	3.77	0.60
S068	7	-8.07	-9.63	-8.85	0.78	-1.52	-1.69	-1.60	0.09	4.75	2.55	3.65	1.10
S068	8	nan	nan	nan	nan	nan	nan	nan	nan	nan	nan	nan	nan
S068	9	-5.12	-2.98	-4.05	1.07	-3.71	-1.88	-2.80	0.92	8.69	7.49	8.09	0.60
S068	10	-6.38	-4.34	-5.36	1.02	1.23	-2.49	-0.63	1.86	-0.28	1.79	0.76	1.04
S068	11	-7.01	-4.60	-5.81	1.20	8.64	3.12	5.88	2.76	10.67	8.61	9.64	1.03
S068	12	-4.99	-6.81	-5.90	0.91	2.11	1.59	1.85	0.26	5.07	8.62	6.84	1.77
S075	1	-3.21	-3.79	-3.50	0.29	1.08	-3.36	-1.14	2.22	3.19	3.92	3.55	0.37
S075	2	-4.21	-4.06	-4.13	0.07	1.41	-2.59	-0.59	2.00	2.13	3.33	2.73	0.60
S075	3	nan	nan	nan	nan	nan	nan	nan	nan	nan	nan	nan	nan
S075	4	-3.25	-3.73	-3.49	0.24	-2.76	-2.00	-2.38	0.38	3.12	5.94	4.53	1.41
S075	5	-5.92	-4.51	-5.21	0.71	0.72	0.93	0.83	0.11	7.79	6.99	7.39	0.40
S075	6	-6.16	-5.24	-5.70	0.46	0.77	-1.25	-0.24	1.01	5.71	3.06	4.38	1.32
S075	7	-4.87	-5.27	-5.07	0.20	-3.56	-3.54	-3.55	0.01	2.21	1.82	2.02	0.20
S075	8	-4.20	-5.82	-5.01	0.81	0.13	-1.33	-0.60	0.73	6.70	7.18	6.94	0.24
S075	9	nan	nan	nan	nan	nan	nan	nan	nan	nan	nan	nan	nan
S075	10	-4.75	-4.32	-4.54	0.21	-5.35	-4.66	-5.00	0.35	2.06	0.41	1.24	0.82
S075	11	-7.72	-5.12	-6.42	1.30	-3.97	-3.53	-3.75	0.22	4.72	5.33	5.03	0.30
S075	12	-3.72	-3.43	-3.58	0.14	-3.03	-2.34	-2.68	0.34	1.06	2.83	1.94	0.88
S088	1	-3.83	-3.03	-3.43	0.40	2.51	-0.81	0.85	1.66	5.61	4.95	5.28	0.33
S088	2	-4.14	-4.83	-4.49	0.34	1.17	-1.95	-0.39	1.56	4.61	2.28	3.45	1.16
S088	3	-5.78	-2.32	-4.05	1.73	5.01	3.51	4.26	0.75	3.85	4.47	4.16	0.31
S088	4	nan	nan	nan	nan	nan	nan	nan	nan	nan	nan	nan	nan
S088	5	-3.29	-3.27	-3.28	0.01	-2.64	-2.45	-2.54	0.09	4.79	2.78	3.78	1.01
S088	6	-4.35	-4.35	-4.35	0.00	4.38	2.89	3.64	0.75	9.31	12.42	10.86	1.56
S088	7	-4.85	-3.90	-4.37	0.47	2.36	2.12	2.24	0.12	5.23	6.57	5.90	0.67
S088	8	nan	nan	nan	nan	nan	nan	nan	nan	nan	nan	nan	nan
S088	9	-4.63	-3.03	-3.83	0.80	-1.03	-2.83	-1.93	0.90	0.29	-1.27	-0.49	0.78
S088	10	-4.85	-3.28	-4.07	0.79	0.71	0.05	0.38	0.33	2.44	6.54	4.49	2.05
S088	11	-3.74	-4.72	-4.23	0.49	-0.72	-0.47	-0.60	0.12	2.79	6.96	4.87	2.09
S088	12	-3.40	-4.22	-3.81	0.41	-0.45	-1.42	-0.94	0.49	1.79	2.18	1.98	0.19